hours,kW
0,336.329236
1,342.692672
2,330.960454
3,330.766793
4,336.995033
5,349.092844
6,408.846334
7,1071.77484
8,1261.650918
9,496.553299
10,459.955157
11,357.544895
12,340.215031
13,329.15599
14,317.003932
15,311.70065
16,310.680123
17,309.113178
18,1086.026739
19,365.478274
20,431.572659
21,1148.277431
22,520.485978
23,475.87188
24,279.857429
25,281.653946
26,286.30765
27,293.336623
28,306.185903
29,1028.59937
30,317.343472
31,1465.191554
32,1047.319378
33,438.045433
34,311.73456
35,209.091767
36,195.12538
37,198.634442
38,197.111191
39,197.631747
40,193.882453
41,335.923339
42,342.584817
43,1133.292913
44,540.195481
45,767.252761
46,1094.062725
47,450.404555
48,238.343631
49,268.240107
50,298.700711
51,325.465772
52,353.006592
53,366.813267
54,1093.597768
55,1668.426811
56,551.362078
57,1110.358373
58,385.863918
59,302.686442
60,293.985972
61,291.711019
62,290.09551
63,297.966661
64,308.562739
65,815.187852
66,514.836021
67,603.64346
68,1433.959885
69,753.883614
70,714.238732
71,1317.206937
72,410.355641
73,396.106923
74,389.96381
75,389.14845
76,387.538845
77,404.232521
78,1171.778692
79,1200.677339
80,1355.359552
81,460.943857
82,439.6622
83,380.698992
84,387.232293
85,391.571154
86,389.733766
87,395.014145
88,402.498381
89,979.421892
90,1244.468596
91,645.935519
92,1479.055335
93,776.876786
94,695.763183
95,566.140437
96,413.221295
97,402.928107
98,405.888539
99,405.369586
100,412.536745
101,1147.199974
102,496.780151
103,2169.898727
104,1428.627472
105,590.713013
106,576.380298
107,531.213766
108,536.47927
109,516.841617
110,525.267627
111,546.456861
112,570.709422
113,1442.924106
114,708.44998
115,1519.470053
116,941.330689
117,1721.558938
118,830.499117
119,751.820467
120,659.118048
121,676.361873
122,699.381663
123,719.576899
124,733.27831
125,739.140092
126,1572.011876
127,2819.970034
128,929.630961
129,1584.425924
130,853.579972
131,753.701072
132,730.323627
133,718.771068
134,701.085718
135,679.966603
136,697.361426
137,1641.920329
138,786.196712
139,889.091729
140,1622.02597
141,949.83178
142,1539.962946
143,722.854076
144,619.232507
145,627.344464
146,635.030132
147,643.440564
148,649.707757
149,641.204496
150,1445.934974
151,1761.396899
152,1516.992568
153,759.959956
154,1415.38671
155,642.902288
156,637.047123
157,616.703387
158,598.969949
159,573.647646
160,559.855251
161,1372.654983
162,708.383471
163,728.172672
164,1480.9272
165,756.363891
166,718.278501
167,697.655513
168,499.687491
169,483.645717
170,479.198453
171,475.941575
172,473.085727
173,1188.654903
174,519.621465
175,1963.633553
176,1366.937073
177,647.088361
178,634.706643
179,583.304562
180,563.998826
181,557.05698
182,547.873471
183,530.55572
184,546.461278
185,1201.386868
186,593.732506
187,1274.730628
188,617.618458
189,1333.571978
190,619.838529
191,571.67968
192,447.958346
193,452.20474
194,450.401332
195,457.882483
196,462.094028
197,1182.529829
198,533.784444
199,2169.905477
200,702.421365
201,1352.397045
202,618.574655
203,544.939227
204,554.961985
205,564.201752
206,545.0713
207,549.33364
208,538.067993
209,1319.166758
210,703.733445
211,1455.011532
212,821.911052
213,853.304669
214,1470.865849
215,678.84706
216,542.860834
217,538.377341
218,541.697994
219,550.389747
220,557.030432
221,570.509784
222,1379.693649
223,2479.954848
224,807.387972
225,1424.360249
226,692.732589
227,609.947062
228,579.668949
229,575.758691
230,572.04168
231,559.655735
232,571.207068
233,1293.858044
234,630.378478
235,655.168446
236,1464.039378
237,784.458257
238,678.614996
239,1275.228788
240,448.766532
241,443.995935
242,451.412322
243,455.360698
244,460.485573
245,460.357971
246,672.069452
247,1947.065501
248,1375.329736
249,566.798381
250,553.80382
251,451.034875
252,396.838397
253,379.113896
254,359.793394
255,356.255674
256,377.690045
257,896.918912
258,1179.557922
259,545.944379
260,712.285479
261,1439.596155
262,688.018391
263,571.751992
264,355.673088
265,356.318707
266,359.883021
267,362.601474
268,359.231341
269,1080.431122
270,413.656504
271,1855.877677
272,1330.195119
273,476.127675
274,476.534804
275,409.198696
276,416.549396
277,416.22071
278,402.825249
279,400.741642
280,417.10951
281,1041.400048
282,553.916377
283,1350.70226
284,761.79202
285,1160.367307
286,1047.745245
287,579.784399
288,418.861049
289,416.401431
290,415.223294
291,420.575757
292,423.991822
293,441.000088
294,1222.522583
295,2181.786579
296,697.658758
297,1287.404306
298,562.899692
299,474.699235
300,446.038869
301,424.418727
302,415.594557
303,426.996959
304,425.848024
305,1033.970484
306,583.401127
307,653.864585
308,1481.350037
309,777.765262
310,693.27287
311,1305.897042
312,457.840611
313,457.884723
314,460.728809
315,457.751606
316,461.927891
317,470.017122
318,1224.436179
319,1264.328385
320,1364.492289
321,604.119224
322,542.391069
323,415.67314
324,388.295858
325,378.825957
326,370.097544
327,371.025679
328,388.504007
329,965.530576
330,1256.655774
331,604.643977
332,1404.612359
333,718.224576
334,704.267028
335,722.550753
336,504.667073
337,491.861934
338,498.429598
339,507.311785
340,516.18306
341,1243.208884
342,599.787538
343,2228.271717
344,1517.00655
345,748.956667
346,732.596397
347,637.06389
348,600.149789
349,585.672505
350,565.254773
351,568.752743
352,577.765129
353,1272.756572
354,624.657088
355,1321.327378
356,671.180925
357,1402.266393
358,676.466705
359,622.776364
360,509.936856
361,501.3682
362,502.464172
363,493.561244
364,491.643921
365,496.980183
366,1229.235865
367,1274.767483
368,682.421087
369,1353.886933
370,616.889043
371,533.803127
372,518.622312
373,511.61085
374,498.711715
375,488.863204
376,489.737852
377,490.951649
378,563.033099
379,703.203968
380,1204.42554
381,639.531636
382,1347.036857
383,591.530901
384,462.477318
385,455.876504
386,451.341936
387,449.425018
388,447.76242
389,457.259987
390,1203.69564
391,1240.576524
392,1379.815425
393,521.483294
394,1207.33424
395,427.272969
396,407.652788
397,400.524884
398,395.416193
399,391.585861
400,399.615357
401,950.825399
402,536.884508
403,627.530134
404,1468.823898
405,776.045926
406,732.822596
407,612.665317
408,417.180304
409,411.728969
410,413.634211
411,416.594553
412,426.5129
413,1152.551161
414,502.548777
415,2203.69985
416,1464.862852
417,601.02246
418,609.720469
419,584.510241
420,592.183173
421,576.902362
422,586.907043
423,587.392004
424,606.527495
425,1535.189584
426,748.606622
427,1549.3404
428,958.800243
429,1709.660993
430,851.83328
431,722.712347
432,603.596952
433,612.839381
434,623.524001
435,641.426888
436,648.610139
437,1363.221339
438,753.98147
439,2665.598223
440,888.129419
441,1530.120316
442,808.857674
443,741.593634
444,748.879705
445,740.554559
446,723.150292
447,692.052026
448,656.964464
449,1565.041603
450,809.877107
451,1593.558661
452,970.881892
453,980.206437
454,1592.733042
455,761.121062
456,628.009657
457,630.895982
458,633.152828
459,624.159241
460,617.680099
461,612.724488
462,1398.548421
463,2456.908148
464,844.789954
465,1439.061829
466,716.590813
467,647.116659
468,656.194032
469,635.260811
470,617.864562
471,585.564014
472,569.066488
473,1366.454095
474,722.605848
475,761.877864
476,1557.886533
477,847.401406
478,797.761074
479,1403.261641
480,561.161994
481,551.67004
482,549.149413
483,542.064411
484,540.278711
485,545.090767
486,837.965508
487,1855.299711
488,1412.04646
489,642.264828
490,595.839737
491,519.987217
492,514.32287
493,488.304689
494,470.116424
495,469.294016
496,455.833735
497,1019.569242
498,1275.802322
499,562.422873
500,627.339295
501,1345.016181
502,669.508294
503,663.298215
504,415.742226
505,418.136192
506,442.659638
507,468.774031
508,482.158524
509,1217.874639
510,608.127346
511,2424.238665
512,1590.966976
513,900.888192
514,902.915792
515,848.99989
516,834.72458
517,821.376329
518,824.759518
519,849.64079
520,848.800506
521,1844.287218
522,901.903845
523,1598.3936
524,926.769694
525,1479.525976
526,994.498522
527,800.484354
528,677.536657
529,668.339342
530,661.35763
531,655.913482
532,652.602501
533,641.474381
534,1424.122356
535,2463.255304
536,833.664218
537,1449.462057
538,697.402112
539,612.07058
540,571.481114
541,540.704689
542,520.446341
543,506.122275
544,500.364572
545,1069.200508
546,572.088626
547,580.871053
548,1380.736157
549,709.359473
550,669.019343
551,1260.828481
552,407.559002
553,414.814848
554,438.147167
555,454.479646
556,474.162571
557,486.166844
558,1286.039257
559,1587.345938
560,1475.612962
561,687.326672
562,687.207033
563,598.486332
564,571.065975
565,544.529956
566,533.533578
567,528.348882
568,540.317374
569,1365.701227
570,1374.235364
571,737.17652
572,1540.514272
573,852.477288
574,760.500709
575,652.146641
576,525.610901
577,529.190687
578,536.759458
579,544.395568
580,553.672894
581,1270.272294
582,634.333149
583,2358.152663
584,1490.734853
585,727.149155
586,744.290916
587,685.934251
588,671.939215
589,679.287231
590,683.161362
591,687.042003
592,702.514934
593,1579.856629
594,760.932662
595,1452.686713
596,815.032717
597,1537.932808
598,728.170765
599,671.993402
600,563.914479
601,563.725357
602,559.263792
603,556.988948
604,556.989808
605,547.597099
606,1321.755683
607,2233.515329
608,724.184446
609,1400.456568
610,703.210035
611,619.937403
612,595.820763
613,592.602816
614,574.598963
615,567.23849
616,562.072821
617,1334.10266
618,657.146679
619,970.880745
620,1240.798255
621,799.995903
622,1419.675463
623,619.538141
624,495.901745
625,494.688553
626,498.543763
627,502.659464
628,506.898499
629,512.927946
630,1293.396618
631,1502.970653
632,1445.516138
633,651.982514
634,1352.290238
635,617.500915
636,610.970976
637,619.99272
638,645.19766
639,668.087522
640,704.713321
641,1744.944611
642,811.833882
643,857.636768
644,1685.271437
645,1001.17956
646,847.331205
647,787.724709
648,696.825431
649,717.33804
650,736.455619
651,758.928337
652,776.08902
653,1493.86278
654,904.730241
655,2866.710459
656,1685.962787
657,958.183318
658,900.013386
659,795.931414
660,750.327271
661,720.578108
662,709.777014
663,705.131743
664,714.400319
665,1641.931479
666,796.528307
667,1517.774485
668,857.710891
669,1578.26137
670,835.394775
671,819.093828
672,685.438339
673,698.905416
674,710.301785
675,720.42874
676,734.033627
677,1436.236808
678,803.30243
679,2633.477668
680,885.692682
681,1603.307016
682,924.470365
683,854.286848
684,848.843266
685,853.195022
686,851.080185
687,859.561453
688,875.513622
689,1976.546319
690,943.180962
691,1647.143888
692,990.792827
693,992.269051
694,1650.848091
695,917.272347
696,822.574346
697,859.198203
698,884.314216
699,907.589641
700,927.908832
701,921.858076
702,1781.296224
703,3202.035089
704,1122.992905
705,1834.861364
706,1133.253838
707,1088.567018
708,1089.428345
709,1075.516664
710,1050.573022
711,1042.425878
712,1068.018189
713,2465.338466
714,1152.322033
715,1152.596208
716,1950.811214
717,1228.950857
718,1136.584406
719,1834.8835
720,1036.002122
721,1055.122719
722,1058.134781
723,1078.936973
724,1072.536077
725,1052.400835
726,1550.101089
727,3019.247585
728,1946.563551
729,1247.290683
730,1241.218887
731,1153.849985
732,1111.009516
733,1068.99893
734,1027.572268
735,1003.372447
736,993.259676
737,2037.637117
738,1675.445169
739,946.127502
740,1008.520696
741,1697.853171
742,915.654717
743,886.129492
744,781.732737
745,793.582087
746,808.679174
747,823.902215
748,828.249722
749,1521.689155
750,908.799522
751,2823.435732
752,1714.618195
753,992.805132
754,1020.983869
755,946.280099
756,910.178218
757,875.97736
758,858.543473
759,858.552695
760,886.010749
761,1938.793024
762,914.84275
763,1626.797709
764,1007.031737
765,1718.940344
766,944.849276
767,930.118878
768,835.73941
769,855.060461
770,875.951799
771,894.761855
772,909.233047
773,895.988387
774,1749.180126
775,3164.993632
776,1150.978009
777,1917.665478
778,1240.517946
779,1184.221875
780,1168.597273
781,1151.20007
782,1128.255413
783,1108.937742
784,1123.371308
785,2401.356372
786,1121.822672
787,1098.980326
788,1901.829947
789,1193.990077
790,1104.209167
791,1820.580289
792,1038.813369
793,1066.05723
794,1088.157626
795,1098.211331
796,1106.542919
797,1095.772598
798,1982.112396
799,2805.158572
800,2011.906847
801,1297.790494
802,1269.493832
803,1172.096798
804,1127.822795
805,1084.632289
806,1056.95475
807,1053.094923
808,1072.566855
809,2369.338047
810,1819.145153
811,1094.665858
812,1892.368819
813,1178.910306
814,1095.219438
815,1106.940085
816,1027.695169
817,1055.474278
818,1076.566011
819,1093.641772
820,1102.074044
821,1794.863766
822,1244.191355
823,3435.239969
824,1974.616967
825,1246.801828
826,1218.242697
827,1120.469171
828,1072.054567
829,1030.78813
830,1003.119301
831,1003.28496
832,1026.471451
833,2327.698549
834,1103.678942
835,1787.955623
836,1117.697863
837,1822.311058
838,1049.714029
839,1005.437275
840,871.797987
841,863.476977
842,851.536706
843,836.732532
844,820.442533
845,786.092338
846,1552.105831
847,2570.523363
848,851.195828
849,1567.945543
850,860.529457
851,755.714892
852,702.646007
853,656.069223
854,619.465543
855,604.264022
856,622.520348
857,1536.374869
858,736.711352
859,1126.760484
860,1098.459699
861,830.212847
862,1525.268678
863,787.347428
864,674.745795
865,680.694637
866,690.985571
867,700.297517
868,707.807955
869,705.021885
870,1511.08095
871,1821.557279
872,1548.329087
873,734.934843
874,1379.432404
875,559.339704
876,535.235006
877,505.620778
878,487.287578
879,476.818616
880,492.735025
881,1133.070619
882,565.325236
883,553.818031
884,1362.627643
885,680.433386
886,595.564534
887,527.10227
888,407.753404
889,420.605033
890,401.768728
891,388.024582
892,374.979795
893,1068.539981
894,375.505371
895,1712.031082
896,1250.142562
897,461.629219
898,472.810494
899,395.258439
900,380.569298
901,373.636746
902,375.864045
903,383.049569
904,381.830379
905,872.133597
906,451.814121
907,1202.358786
908,610.010457
909,1344.702108
910,608.034558
911,515.70096
912,308.760704
913,299.468177
914,296.327305
915,295.035412
916,293.71707
917,1016.094815
918,333.58032
919,1610.972077
920,510.126697
921,1088.012756
922,359.285048
923,269.535605
924,256.365404
925,239.646768
926,252.011554
927,266.348075
928,283.469112
929,749.979549
930,492.316143
931,1310.125398
932,728.324253
933,749.694827
934,1411.952824
935,599.18862
936,380.112052
937,370.675697
938,367.04144
939,364.829738
940,370.568312
941,386.111378
942,1171.880652
943,2017.170951
944,644.682708
945,1205.065208
946,455.367299
947,339.022402
948,305.75116
949,286.266346
950,270.248302
951,261.328559
952,275.360754
953,746.785213
954,492.711611
955,595.015884
956,1422.988646
957,721.670983
958,691.243562
959,1303.493524
960,388.471405
961,376.971385
962,373.013942
963,371.020625
964,368.708795
965,381.965184
966,879.482684
967,1210.538935
968,1237.635886
969,348.995323
970,309.653842
971,207.629638
972,202.182073
973,205.203928
974,217.095515
975,224.053331
976,269.440175
977,705.567596
978,1202.970874
979,600.08049
980,753.597333
981,1473.405778
982,706.627095
983,619.85056
984,406.028394
985,394.992828
986,392.566479
987,391.220253
988,389.549138
989,1119.273534
990,442.363993
991,1840.65401
992,1320.484924
993,519.831109
994,461.258212
995,391.652855
996,396.393384
997,400.322378
998,401.394101
999,411.006286
1000,427.95367
1001,1062.143361
1002,565.298267
1003,1330.483804
1004,694.509275
1005,1413.876973
1006,668.890581
1007,665.338023
1008,433.661583
1009,410.029318
1010,407.086833
1011,407.030938
1012,408.753033
1013,427.984051
1014,1199.03035
1015,1973.353601
1016,705.564503
1017,1381.582084
1018,618.914669
1019,546.813539
1020,543.434024
1021,538.973134
1022,542.630392
1023,552.660009
1024,562.056662
1025,1310.779872
1026,638.936322
1027,632.263896
1028,1396.984246
1029,687.073517
1030,642.167949
1031,1282.779274
1032,451.423832
1033,446.86498
1034,447.155994
1035,448.066902
1036,450.698911
1037,459.808809
1038,1234.454817
1039,1483.777837
1040,1432.930394
1041,585.309592
1042,574.537573
1043,500.096232
1044,484.287039
1045,455.948303
1046,431.852695
1047,421.019733
1048,417.709006
1049,956.903981
1050,1223.724678
1051,594.240499
1052,1434.593434
1053,754.33955
1054,710.978617
1055,602.302889
1056,387.194467
1057,382.530571
1058,385.471298
1059,385.574481
1060,383.304597
1061,1112.965497
1062,470.499414
1063,2010.997974
1064,1382.268982
1065,515.400354
1066,498.022995
1067,420.81856
1068,407.802398
1069,409.471885
1070,415.953984
1071,419.126416
1072,426.700363
1073,1036.377097
1074,537.921037
1075,1345.448442
1076,746.709899
1077,1474.885862
1078,690.729334
1079,571.274846
1080,422.188594
1081,415.496452
1082,417.30912
1083,421.735108
1084,432.279387
1085,454.967054
1086,1242.98832
1087,2235.356657
1088,729.404429
1089,1299.283061
1090,587.38475
1091,528.535636
1092,522.170134
1093,520.605142
1094,514.549592
1095,513.882195
1096,524.781923
1097,1220.445741
1098,592.054691
1099,1260.800021
1100,929.017055
1101,842.544439
1102,1429.759764
1103,582.445767
1104,450.492613
1105,459.711694
1106,476.4045
1107,494.822406
1108,516.840377
1109,538.009617
1110,1349.512564
1111,1685.482085
1112,1502.513153
1113,677.317865
1114,1363.681272
1115,608.863526
1116,595.182191
1117,581.806571
1118,546.391811
1119,529.033751
1120,549.458551
1121,1306.04814
1122,670.152877
1123,728.141432
1124,1565.316587
1125,904.280205
1126,789.824935
1127,669.108318
1128,530.376772
1129,519.531202
1130,514.147443
1131,509.850861
1132,505.327516
1133,1222.383249
1134,567.343236
1135,2194.528559
1136,1439.223542
1137,597.420925
1138,590.09467
1139,518.575976
1140,496.244039
1141,486.998783
1142,485.21587
1143,487.832008
1144,507.416172
1145,1220.013547
1146,604.771399
1147,1380.033187
1148,813.408019
1149,1592.638837
1150,739.59751
1151,655.564633
1152,566.615016
1153,580.527407
1154,594.930207
1155,608.319547
1156,621.728973
1157,1338.873131
1158,714.365459
1159,2367.967961
1160,739.602581
1161,1401.53002
1162,656.336025
1163,570.601705
1164,533.871243
1165,515.222056
1166,507.686289
1167,506.062835
1168,508.458678
1169,1163.306882
1170,573.7435
1171,1273.397771
1172,616.632694
1173,627.893596
1174,1315.024472
1175,592.573675
1176,457.748827
1177,405.194098
1178,391.485685
1179,394.006905
1180,397.453337
1181,401.768598
1182,1167.600627
1183,1863.255892
1184,652.23759
1185,1283.543067
1186,534.385635
1187,429.542009
1188,406.615803
1189,376.022696
1190,362.527335
1191,364.766899
1192,373.183382
1193,846.05385
1194,521.678983
1195,544.374835
1196,1351.975045
1197,635.318035
1198,650.984882
1199,1311.83493
1200,404.513283
1201,396.279142
1202,394.281675
1203,392.449057
1204,390.745789
1205,406.947796
1206,1052.589026
1207,555.089058
1208,1330.603582
1209,522.501685
1210,479.871941
1211,382.573462
1212,355.4128
1213,337.478962
1214,311.655545
1215,300.987825
1216,316.83738
1217,339.711946
1218,1149.049121
1219,458.480663
1220,556.220197
1221,1289.965638
1222,647.199976
1223,628.181864
1224,431.580171
1225,420.659216
1226,418.237818
1227,415.940295
1228,413.559883
1229,1143.235289
1230,476.14081
1231,1931.958907
1232,1364.362818
1233,479.218687
1234,455.964736
1235,377.611854
1236,368.53766
1237,366.639793
1238,360.866711
1239,357.913104
1240,359.09229
1241,890.49293
1242,533.066165
1243,1332.033894
1244,736.95993
1245,1463.389597
1246,715.163648
1247,623.731939
1248,406.932519
1249,394.789195
1250,391.204254
1251,387.674421
1252,384.671923
1253,399.910642
1254,1157.478095
1255,1835.800905
1256,608.475468
1257,1164.348248
1258,422.752136
1259,333.560748
1260,316.505074
1261,303.177803
1262,290.157158
1263,280.920208
1264,285.294942
1265,673.236243
1266,479.855286
1267,558.013479
1268,1381.426659
1269,691.623496
1270,814.711018
1271,1140.672048
1272,367.88741
1273,353.616698
1274,346.904724
1275,340.545925
1276,335.253266
1277,342.368365
1278,1057.296838
1279,789.427642
1280,1181.548431
1281,315.575539
1282,298.772493
1283,204.553435
1284,213.771318
1285,213.077493
1286,207.570168
1287,217.119384
1288,263.451825
1289,623.337357
1290,1158.823728
1291,558.439245
1292,1416.445164
1293,739.814648
1294,711.909383
1295,622.240681
1296,422.533399
1297,422.169434
1298,425.797268
1299,426.877888
1300,420.880174
1301,1157.856245
1302,520.301338
1303,1971.242784
1304,1348.150478
1305,473.601275
1306,400.779432
1307,281.11664
1308,243.352556
1309,231.559973
1310,225.203905
1311,213.121438
1312,223.111724
1313,576.225388
1314,489.945458
1315,1324.780433
1316,756.814293
1317,1474.816118
1318,691.559338
1319,596.832011
1320,384.276882
1321,372.395331
1322,367.165298
1323,363.459201
1324,360.052222
1325,369.490361
1326,1102.472995
1327,1598.946134
1328,502.60816
1329,1106.778431
1330,288.588735
1331,201.355805
1332,205.696179
1333,213.171684
1334,217.928403
1335,216.38593
1336,204.704015
1337,385.114107
1338,396.509355
1339,1177.773803
1340,560.598962
1341,536.888325
1342,1288.774074
1343,574.616939
1344,282.108513
1345,281.422943
1346,288.580648
1347,297.502286
1348,305.799096
1349,327.706921
1350,1052.93501
1351,705.20543
1352,1234.545732
1353,385.333718
1354,1105.062616
1355,376.564597
1356,394.602873
1357,412.773901
1358,426.508802
1359,414.834645
1360,417.676256
1361,440.886387
1362,452.944379
1363,436.067969
1364,1170.138765
1365,462.401099
1366,545.715224
1367,480.706778
1368,265.357845
1369,260.750639
1370,257.331103
1371,254.152702
1372,251.130938
1373,982.865151
1374,295.26366
1375,1391.070136
1376,1171.226222
1377,306.111992
1378,315.469858
1379,217.461865
1380,252.310129
1381,297.409135
1382,339.403618
1383,353.033518
1384,358.567063
1385,887.342303
1386,560.812322
1387,1378.229835
1388,778.839294
1389,1487.209843
1390,705.205165
1391,636.644797
1392,510.792131
1393,513.473494
1394,514.480998
1395,512.456447
1396,513.388728
1397,1260.521468
1398,644.798237
1399,2536.083282
1400,882.237432
1401,1369.757191
1402,635.535477
1403,576.226969
1404,566.847073
1405,570.478031
1406,569.710296
1407,582.916203
1408,594.136639
1409,1443.768653
1410,698.661574
1411,1544.449623
1412,964.014862
1413,969.587559
1414,1558.239647
1415,679.835644
1416,521.411605
1417,513.474307
1418,514.899772
1419,516.910196
1420,526.414997
1421,539.896406
1422,1334.356316
1423,2415.456537
1424,824.580419
1425,1376.587897
1426,651.835239
1427,596.789552
1428,585.280932
1429,588.584886
1430,582.756968
1431,554.063642
1432,546.602028
1433,1355.737963
1434,713.846683
1435,788.490671
1436,1617.848849
1437,938.912379
1438,823.24584
1439,1402.134697
1440,555.906686
1441,548.136124
1442,548.247321
1443,552.2263
1444,559.280793
1445,568.904245
1446,1358.263495
1447,1678.787931
1448,1527.069582
1449,671.555861
1450,648.216367
1451,574.60952
1452,551.600928
1453,543.151573
1454,523.108826
1455,498.741552
1456,500.722655
1457,1230.559138
1458,1368.246102
1459,734.37948
1460,861.326059
1461,1616.956237
1462,806.066813
1463,687.288084
1464,551.785976
1465,553.034894
1466,562.61803
1467,571.469092
1468,580.642706
1469,1303.788334
1470,663.693182
1471,2367.021505
1472,1503.219016
1473,644.725751
1474,613.153432
1475,535.00336
1476,521.925089
1477,507.604956
1478,476.536586
1479,443.495635
1480,435.507543
1481,1019.974937
1482,573.668923
1483,1358.49142
1484,769.468873
1485,1495.014074
1486,704.456011
1487,627.959484
1488,496.16571
1489,493.566034
1490,496.157973
1491,501.468801
1492,506.721464
1493,519.450973
1494,1286.26779
1495,2073.4385
1496,660.163511
1497,1303.051719
1498,516.079405
1499,411.517357
1500,381.217617
1501,350.941676
1502,327.214849
1503,314.992315
1504,321.221723
1505,793.217504
1506,507.451227
1507,549.626112
1508,1350.967158
1509,659.106289
1510,1251.926788
1511,819.837073
1512,406.85374
1513,394.339676
1514,391.145829
1515,393.209761
1516,394.208558
1517,407.014507
1518,1168.947113
1519,1051.908875
1520,1336.615714
1521,545.197208
1522,499.705948
1523,405.230927
1524,409.619395
1525,413.933832
1526,411.672792
1527,415.679804
1528,426.896095
1529,905.297958
1530,1240.318811
1531,531.932106
1532,1320.856882
1533,624.701703
1534,655.383353
1535,616.529221
1536,421.295391
1537,414.704126
1538,412.044365
1539,409.881153
1540,408.195995
1541,1133.510135
1542,479.881655
1543,1963.727958
1544,1372.988658
1545,498.301172
1546,470.757542
1547,389.157364
1548,377.330572
1549,367.448251
1550,367.232629
1551,362.724121
1552,366.947503
1553,878.121226
1554,522.415216
1555,1313.385378
1556,716.443182
1557,1435.934641
1558,686.54668
1559,580.683694
1560,376.360276
1561,375.275591
1562,376.046058
1563,377.967742
1564,379.275712
1565,394.300446
1566,1163.846057
1567,1926.470701
1568,647.391028
1569,1197.416802
1570,469.029847
1571,407.712233
1572,420.347847
1573,432.351205
1574,440.543617
1575,446.200019
1576,459.090211
1577,1144.582259
1578,607.972695
1579,1419.88585
1580,806.816503
1581,810.096691
1582,1457.806172
1583,640.194677
1584,483.848253
1585,474.25796
1586,476.631446
1587,480.440997
1588,487.87635
1589,508.793068
1590,1306.109473
1591,1696.052499
1592,1529.739423
1593,659.787116
1594,1336.547725
1595,570.382524
1596,557.753699
1597,551.788157
1598,548.09359
1599,551.477689
1600,563.29326
1601,1309.261041
1602,645.464442
1603,731.150638
1604,1584.653977
1605,904.379079
1606,783.907064
1607,646.84179
1608,524.226298
1609,535.058536
1610,548.625907
1611,562.320528
1612,576.548282
1613,1292.432646
1614,660.930737
1615,2361.365956
1616,1488.88776
1617,626.7971
1618,597.529907
1619,522.807214
1620,510.828626
1621,477.68749
1622,447.493984
1623,435.735696
1624,429.332409
1625,1075.730714
1626,586.107909
1627,1368.251034
1628,773.578251
1629,1491.644856
1630,698.270766
1631,599.243476
1632,456.722526
1633,448.919631
1634,444.786064
1635,444.423253
1636,446.256078
1637,1169.5009
1638,503.492844
1639,1982.146898
1640,658.451126
1641,1223.286098
1642,466.141999
1643,353.168481
1644,318.375741
1645,295.485675
1646,272.104288
1647,257.696178
1648,262.711012
1649,618.709154
1650,472.176259
1651,1276.876853
1652,693.102901
1653,716.41022
1654,1398.857169
1655,611.419595
1656,409.680915
1657,402.443567
1658,399.942573
1659,399.473988
1660,398.359831
1661,413.045704
1662,1163.396592
1663,1749.973848
1664,511.749235
1665,1119.472173
1666,311.894714
1667,226.513732
1668,233.952981
1669,235.512179
1670,232.432653
1671,223.755252
1672,210.339637
1673,403.224324
1674,417.377529
1675,477.751813
1676,1279.209422
1677,580.137565
1678,641.744388
1679,1358.342643
1680,376.498335
1681,372.48137
1682,375.074876
1683,378.465752
1684,390.396109
1685,1130.654078
1686,872.277087
1687,1259.38685
1688,434.15426
1689,371.07267
1690,317.51367
1691,344.75197
1692,378.157174
1693,397.838561
1694,403.959838
1695,403.230577
1696,406.722545
1697,1138.696257
1698,386.234895
1699,492.938882
1700,1232.580022
1701,626.699558
1702,604.700739
1703,398.90804
1704,391.293744
1705,384.146087
1706,380.833114
1707,379.646666
1708,1100.169577
1709,411.332986
1710,1672.157547
1711,1237.287453
1712,316.203341
1713,304.264496
1714,267.016195
1715,299.27253
1716,330.126998
1717,376.410473
1718,388.76037
1719,367.855389
1720,323.333874
1721,471.643043
1722,1227.578414
1723,612.757412
1724,1348.352766
1725,652.738571
1726,561.014311
1727,365.48198
1728,367.103903
1729,369.581132
1730,371.055169
1731,372.128496
1732,383.820029
1733,1113.285825
1734,1641.254139
1735,524.448027
1736,1020.319103
1737,327.575185
1738,289.878027
1739,337.100192
1740,357.075838
1741,368.410635
1742,384.617512
1743,389.660415
1744,363.234189
1745,525.344966
1746,532.262606
1747,1377.940375
1748,704.462773
1749,1402.632079
1750,589.248362
1751,355.006965
1752,356.552304
1753,365.219958
1754,373.052685
1755,381.005779
1756,397.424503
1757,1132.523958
1758,977.6314
1759,1240.358313
1760,306.474252
1761,317.776028
1762,291.11704
1763,330.856754
1764,365.010503
1765,383.636315
1766,385.688367
1767,396.907981
1768,366.786437
1769,1227.547573
1770,532.43462
1771,1360.377372
1772,674.375025
1773,653.569703
1774,560.341002
1775,356.184935
1776,357.969725
1777,367.188883
1778,374.364492
1779,380.75999
1780,1110.227353
1781,417.710078
1782,1680.735103
1783,1237.422631
1784,313.205149
1785,319.004415
1786,291.034628
1787,347.756907
1788,367.953292
1789,382.18328
1790,378.626687
1791,370.968257
1792,355.466185
1793,516.739462
1794,1250.366513
1795,626.986588
1796,1367.328721
1797,656.717637
1798,563.847356
1799,366.974918
1800,369.008026
1801,372.818209
1802,374.422296
1803,376.191838
1804,417.175033
1805,1091.172867
1806,1669.581726
1807,532.344144
1808,1032.467149
1809,313.94419
1810,294.047401
1811,339.191244
1812,376.155988
1813,404.946257
1814,415.559535
1815,395.058418
1816,367.693327
1817,532.855361
1818,1274.899241
1819,638.92754
1820,665.264018
1821,1384.553488
1822,586.510392
1823,367.778761
1824,361.728227
1825,374.07822
1826,384.08082
1827,390.708413
1828,407.469584
1829,1130.02956
1830,914.471031
1831,1214.608326
1832,379.718497
1833,995.454455
1834,249.024415
1835,296.716885
1836,341.406679
1837,363.796506
1838,364.358869
1839,360.463685
1840,336.591295
1841,500.98852
1842,497.815607
1843,1250.115651
1844,521.3401
1845,592.848409
1846,590.479568
1847,299.324585
1848,303.863407
1849,310.307536
1850,315.553424
1851,322.853204
1852,1052.769769
1853,346.557534
1854,1437.428863
1855,1278.338737
1856,460.572409
1857,415.646984
1858,318.760744
1859,305.306673
1860,307.057733
1861,314.157325
1862,323.486801
1863,319.967224
1864,472.990497
1865,403.598171
1866,1106.703537
1867,496.61511
1868,1234.920558
1869,598.905893
1870,544.709873
1871,335.889961
1872,333.116017
1873,326.849276
1874,319.344147
1875,312.455676
1876,1028.358997
1877,319.834989
1878,1390.4545
1879,454.116406
1880,1008.450771
1881,297.986817
1882,216.891014
1883,216.782034
1884,214.894727
1885,215.48915
1886,220.321416
1887,241.362811
1888,522.051389
1889,462.745466
1890,1284.044086
1891,717.130007
1892,748.705352
1893,1425.275021
1894,619.858858
1895,412.073536
1896,411.16254
1897,422.001986
1898,434.274539
1899,448.4909
1900,470.076458
1901,1233.777611
1902,2002.85997
1903,640.834331
1904,1185.226792
1905,439.251721
1906,343.673977
1907,329.463439
1908,302.789199
1909,277.766596
1910,255.511739
1911,232.470873
1912,455.040884
1913,404.77585
1914,496.18613
1915,1359.229695
1916,718.221544
1917,703.063425
1918,1311.828185
1919,413.950659
1920,412.027247
1921,414.586884
1922,418.316012
1923,421.74124
1924,432.644457
1925,1187.218571
1926,1120.9353
1927,1296.464359
1928,426.028588
1929,400.019108
1930,303.534224
1931,284.328951
1932,265.160778
1933,248.681366
1934,241.961444
1935,244.588884
1936,481.368522
1937,1128.07972
1938,528.999701
1939,687.146373
1940,1435.996223
1941,705.902514
1942,613.383696
1943,406.43517
1944,401.570462
1945,400.811497
1946,401.526077
1947,403.337862
1948,1124.615756
1949,441.402989
1950,1776.571049
1951,1308.682182
1952,441.245137
1953,413.041533
1954,325.307706
1955,301.93221
1956,292.301521
1957,304.165919
1958,320.524782
1959,323.778583
1960,733.40829
1961,500.297523
1962,1298.128912
1963,719.034757
1964,1461.95387
1965,722.100677
1966,644.443729
1967,462.083912
1968,464.11047
1969,463.58367
1970,460.588424
1971,458.061044
1972,467.540773
1973,1233.632421
1974,1985.362553
1975,665.191147
1976,1217.196949
1977,458.582843
1978,353.547726
1979,329.53274
1980,308.90885
1981,288.25046
1982,267.561918
1983,254.878654
1984,478.990284
1985,408.99909
1986,539.371172
1987,1411.496589
1988,743.538973
1989,1420.344772
1990,631.793159
1991,454.483281
1992,454.613916
1993,452.526731
1994,451.24598
1995,451.42563
1996,464.864909
1997,1215.788781
1998,1148.652596
1999,1261.880959
2000,429.328888
2001,350.134907
2002,249.845793
2003,233.718869
2004,225.545875
2005,230.935552
2006,233.244975
2007,230.436618
2008,335.878099
2009,1080.391257
2010,446.321894
2011,1275.782856
2012,608.382995
2013,659.984917
2014,685.176008
2015,395.145177
2016,385.862122
2017,383.694349
2018,382.942143
2019,383.098635
2020,1103.100765
2021,406.136369
2022,1611.125664
2023,1323.141681
2024,543.842174
2025,521.083114
2026,445.091275
2027,427.611345
2028,400.866825
2029,379.208392
2030,351.690564
2031,307.398644
2032,514.61323
2033,415.364157
2034,1141.684365
2035,514.8059
2036,1228.864028
2037,584.025222
2038,574.203613
2039,380.9397
2040,376.387465
2041,374.613919
2042,373.371216
2043,373.01107
2044,485.444542
2045,1011.170686
2046,1679.351892
2047,544.137707
2048,1134.263727
2049,409.201701
2050,293.070186
2051,246.39945
2052,277.665713
2053,298.111732
2054,310.803469
2055,327.052086
2056,751.161504
2057,503.014361
2058,1305.798239
2059,727.562921
2060,768.670165
2061,1419.501884
2062,613.09035
2063,409.53801
2064,405.417156
2065,404.787103
2066,404.268853
2067,404.119117
2068,411.10364
2069,1154.2172
2070,1050.209155
2071,1306.225086
2072,452.034679
2073,1127.565151
2074,345.203288
2075,341.903305
2076,336.575787
2077,322.280681
2078,320.923697
2079,323.090085
2080,733.890841
2081,493.588869
2082,566.788453
2083,1398.916462
2084,715.46357
2085,686.865189
2086,604.423173
2087,412.442256
2088,414.152696
2089,415.781763
2090,417.389489
2091,419.296727
2092,1140.418778
2093,464.475902
2094,1833.739401
2095,1320.025387
2096,460.189867
2097,429.293914
2098,340.36269
2099,339.381646
2100,341.649199
2101,337.238966
2102,332.256465
2103,330.878794
2104,785.666158
2105,530.490236
2106,1323.011712
2107,739.573713
2108,1461.538375
2109,705.375986
2110,624.530366
2111,430.419702
2112,431.312094
2113,433.173048
2114,432.060458
2115,431.423372
2116,1158.517792
2117,499.990124
2118,1915.867858
2119,615.112218
2120,1164.782491
2121,416.600081
2122,331.983593
2123,350.653884
2124,355.957514
2125,352.778958
2126,342.961528
2127,330.858543
2128,748.666321
2129,509.464892
2130,1317.3414
2131,756.493784
2132,774.640652
2133,1430.650753
2134,650.179977
2135,461.177883
2136,454.83715
2137,448.451204
2138,443.240174
2139,440.201834
2140,452.815785
2141,1223.101119
2142,1954.290577
2143,651.705464
2144,1207.054836
2145,462.4707
2146,378.753661
2147,375.078382
2148,373.383421
2149,369.395385
2150,364.978198
2151,358.268057
2152,835.746247
2153,541.698793
2154,628.81138
2155,1466.262899
2156,775.965623
2157,707.853638
2158,1308.697643
2159,388.04741
2160,358.533598
2161,335.00957
2162,311.494509
2163,288.534534
2164,284.029821
2165,993.706884
2166,583.960599
2167,1112.355082
2168,333.825085
2169,290.278499
2170,199.10459
2171,193.744294
2172,202.623113
2173,210.627806
2174,215.804533
2175,217.8397
2176,280.360923
2177,1093.523435
2178,409.437331
2179,464.787807
2180,1187.502591
2181,590.822706
2182,600.689773
2183,306.347569
2184,313.686668
2185,305.140603
2186,328.282472
2187,332.106869
2188,1036.208445
2189,308.434335
2190,1283.966723
2191,1194.142615
2192,408.701338
2193,478.049647
2194,439.471399
2195,494.287409
2196,548.207174
2197,553.631091
2198,579.673196
2199,588.005402
2200,567.408496
2201,636.569056
2202,1300.0313
2203,617.620396
2204,1321.366165
2205,668.972356
2206,593.762492
2207,318.633447
2208,284.631193
2209,277.658139
2210,272.857527
2211,279.296576
2212,289.113919
2213,1006.053935
2214,1325.356977
2215,574.988092
2216,1129.578955
2217,417.16812
2218,371.217589
2219,374.058864
2220,340.302413
2221,323.481567
2222,364.606875
2223,362.570973
2224,373.281349
2225,487.316946
2226,514.360256
2227,1314.871322
2228,634.855048
2229,1314.330209
2230,491.752939
2231,300.073655
2232,352.208367
2233,363.934724
2234,351.425856
2235,318.672856
2236,313.897291
2237,1013.100069
2238,597.381976
2239,1178.493063
2240,314.019467
2241,331.7218
2242,268.61518
2243,296.35785
2244,324.538977
2245,335.103481
2246,333.538085
2247,321.273924
2248,341.67388
2249,1162.13211
2250,525.954344
2251,1398.691003
2252,739.87101
2253,731.705021
2254,642.72548
2255,439.36452
2256,395.573589
2257,382.151235
2258,379.986372
2259,373.757535
2260,1094.131605
2261,394.459718
2262,1667.859567
2263,1271.599827
2264,371.272818
2265,344.955441
2266,242.736221
2267,214.809316
2268,227.352923
2269,236.895147
2270,240.959122
2271,260.66878
2272,269.63948
2273,454.407875
2274,1226.959899
2275,612.052086
2276,1369.17728
2277,676.632812
2278,585.654549
2279,368.216086
2280,353.001006
2281,336.987446
2282,299.459059
2283,275.322561
2284,529.611377
2285,908.594809
2286,1651.338543
2287,566.952203
2288,1117.6181
2289,374.617246
2290,271.141158
2291,237.763074
2292,229.302073
2293,246.101644
2294,249.316127
2295,249.178614
2296,341.573808
2297,411.158166
2298,1231.870175
2299,702.552712
2300,758.330309
2301,1439.294985
2302,644.316611
2303,433.303083
2304,418.198925
2305,413.711495
2306,409.410956
2307,416.212998
2308,437.271729
2309,1166.016835
2310,953.401671
2311,1217.666339
2312,299.662454
2313,1011.490189
2314,265.57471
2315,308.41151
2316,347.058236
2317,374.08034
2318,384.547047
2319,387.706639
2320,387.340804
2321,559.789952
2322,597.643211
2323,1395.205257
2324,672.79972
2325,622.487471
2326,522.06555
2327,335.91709
2328,331.786561
2329,355.637137
2330,354.712297
2331,342.843709
2332,1086.507061
2333,344.330413
2334,1241.433374
2335,1148.964987
2336,424.042377
2337,424.784747
2338,348.766548
2339,343.934542
2340,345.779522
2341,385.99292
2342,421.026937
2343,441.085557
2344,427.327273
2345,623.455101
2346,1377.50969
2347,720.264886
2348,1430.448959
2349,745.028815
2350,679.732328
2351,324.136981
2352,283.999844
2353,270.897686
2354,265.164112
2355,265.101284
2356,984.301438
2357,276.548758
2358,1219.596429
2359,521.870108
2360,1148.364187
2361,395.995274
2362,302.740893
2363,296.281365
2364,332.680471
2365,376.565326
2366,395.538702
2367,414.608549
2368,784.029402
2369,495.845308
2370,1200.20343
2371,557.617585
2372,557.106064
2373,1329.772194
2374,583.054267
2375,377.919612
2376,370.337935
2377,374.661988
2378,377.620955
2379,375.456761
2380,382.776505
2381,1128.520156
2382,1708.549536
2383,560.317302
2384,1098.881588
2385,346.357586
2386,249.625425
2387,225.118303
2388,242.654213
2389,255.416435
2390,260.426536
2391,259.324757
2392,316.199698
2393,431.662163
2394,498.810403
2395,1313.266689
2396,611.333269
2397,620.420111
2398,1201.354867
2399,294.888247
2400,330.670367
2401,385.293962
2402,402.345822
2403,381.868744
2404,391.672334
2405,1110.421022
2406,830.876822
2407,1237.304637
2408,376.282442
2409,364.415132
2410,288.018405
2411,290.201845
2412,288.234946
2413,298.094587
2414,303.038123
2415,302.290268
2416,650.113438
2417,1176.866935
2418,569.830905
2419,699.435986
2420,1453.221817
2421,708.720233
2422,595.435084
2423,387.179023
2424,378.723446
2425,386.554454
2426,380.268603
2427,383.546918
2428,1109.338247
2429,420.699274
2430,1730.135794
2431,1285.652828
2432,427.718233
2433,405.897851
2434,311.398172
2435,302.302892
2436,302.955627
2437,291.001587
2438,273.566447
2439,267.618509
2440,556.715636
2441,435.483389
2442,1247.414885
2443,731.192835
2444,1518.327973
2445,738.287544
2446,642.103191
2447,442.312322
2448,434.347651
2449,442.673491
2450,446.883298
2451,455.996404
2452,456.488221
2453,1206.030754
2454,1785.009794
2455,539.83864
2456,1075.536442
2457,348.344075
2458,265.356191
2459,257.217311
2460,231.839032
2461,216.068963
2462,207.909602
2463,206.342238
2464,401.774611
2465,389.065335
2466,525.586154
2467,1402.701295
2468,706.316479
2469,1390.942229
2470,593.052676
2471,382.413271
2472,379.280453
2473,380.139278
2474,377.562451
2475,376.129342
2476,393.643955
2477,1138.380941
2478,1007.032033
2479,1240.999084
2480,316.22751
2481,282.388973
2482,225.541523
2483,234.770362
2484,249.16343
2485,243.911557
2486,235.991546
2487,234.400229
2488,333.409476
2489,1087.349507
2490,481.416051
2491,1337.950893
2492,659.414258
2493,635.554137
2494,564.086039
2495,372.885917
2496,369.866917
2497,367.674798
2498,359.038211
2499,353.254464
2500,1073.873345
2501,356.883573
2502,1495.608329
2503,1208.305298
2504,428.084897
2505,370.896976
2506,283.851938
2507,281.284557
2508,269.218274
2509,260.7698
2510,259.464057
2511,259.570262
2512,540.206419
2513,422.877405
2514,1183.790703
2515,567.363967
2516,1306.133456
2517,677.683276
2518,692.648006
2519,399.747228
2520,409.268542
2521,415.973051
2522,423.247704
2523,426.692529
2524,729.034334
2525,875.278574
2526,1741.372247
2527,651.834841
2528,1305.768356
2529,570.606772
2530,483.287426
2531,476.420256
2532,476.363363
2533,486.936592
2534,479.428975
2535,483.772082
2536,1013.344431
2537,561.954361
2538,1263.534838
2539,619.318819
2540,636.716115
2541,1377.332627
2542,629.392196
2543,431.126369
2544,438.772107
2545,441.78722
2546,437.404995
2547,433.12353
2548,432.36398
2549,1182.122503
2550,1126.597713
2551,1325.8241
2552,452.788374
2553,1113.60519
2554,327.698601
2555,321.420255
2556,319.301619
2557,317.384142
2558,307.887849
2559,297.74897
2560,654.910453
2561,471.773431
2562,535.705811
2563,1365.211037
2564,678.223858
2565,659.991399
2566,567.636935
2567,366.842089
2568,362.1592
2569,361.221238
2570,360.638177
2571,370.040392
2572,1104.231396
2573,437.803698
2574,1739.973659
2575,1271.23795
2576,414.419986
2577,390.187044
2578,295.419948
2579,295.875435
2580,290.950985
2581,276.631639
2582,263.204908
2583,258.744089
2584,539.279819
2585,425.85041
2586,1236.272334
2587,669.466482
2588,1457.761612
2589,726.900818
2590,635.748098
2591,433.160191
2592,417.594706
2593,433.08669
2594,433.296065
2595,436.380537
2596,1159.707143
2597,487.098817
2598,1806.728715
2599,551.944572
2600,1079.056905
2601,332.596664
2602,236.621573
2603,210.310641
2604,214.488633
2605,217.972832
2606,208.578614
2607,204.098862
2608,355.616832
2609,365.274099
2610,1193.290364
2611,636.599153
2612,669.574178
2613,1386.759068
2614,572.655418
2615,377.409267
2616,385.018819
2617,391.298612
2618,402.923652
2619,415.870638
2620,426.89751
2621,1172.29267
2622,1689.634329
2623,520.427923
2624,1059.392762
2625,309.36585
2626,213.924155
2627,222.434572
2628,230.480909
2629,215.764782
2630,211.739722
2631,223.53474
2632,455.747276
2633,414.166384
2634,507.545045
2635,1355.906713
2636,661.083678
2637,637.759432
2638,1247.840878
2639,332.046889
2640,329.587068
2641,320.886585
2642,324.555658
2643,318.163329
2644,332.670075
2645,1064.734835
2646,723.460169
2647,1173.17525
2648,306.856175
2649,362.619057
2650,333.338215
2651,407.494849
2652,463.314253
2653,488.326694
2654,509.977891
2655,522.960845
2656,498.242095
2657,1384.103675
2658,723.544683
2659,846.629594
2660,1410.053637
2661,700.207212
2662,558.130952
2663,333.69373
2664,308.217782
2665,295.69372
2666,290.903639
2667,287.321074
2668,1019.135294
2669,307.318857
2670,1177.265365
2671,1202.799355
2672,495.045802
2673,482.08689
2674,462.686879
2675,482.639019
2676,474.01034
2677,508.973122
2678,509.315705
2679,504.967765
2680,500.809179
2681,663.502375
2682,1355.676251
2683,689.503864
2684,1405.014556
2685,768.272135
2686,765.747918
2687,456.430077
2688,446.698229
2689,442.120718
2690,426.282672
2691,386.151517
2692,311.456283
2693,1028.366309
2694,1380.685027
2695,596.312308
2696,1227.799747
2697,494.175303
2698,407.633361
2699,418.295358
2700,421.056745
2701,431.116831
2702,419.42459
2703,407.944373
2704,766.956234
2705,500.400659
2706,500.3722
2707,1281.52234
2708,568.598168
2709,1328.004766
2710,574.591756
2711,378.588347
2712,379.598105
2713,386.157775
2714,389.121509
2715,396.508712
2716,417.883659
2717,1168.464544
2718,1040.133333
2719,1272.374463
2720,383.817054
2721,344.358518
2722,249.002111
2723,231.223373
2724,226.061356
2725,233.693373
2726,239.843855
2727,244.966866
2728,349.842285
2729,1100.909426
2730,507.389766
2731,1371.107131
2732,718.513844
2733,713.542406
2734,628.116724
2735,426.140079
2736,417.827824
2737,412.426789
2738,417.990884
2739,421.18826
2740,1150.947393
2741,465.695847
2742,1731.366824
2743,1235.038266
2744,344.302993
2745,306.168821
2746,221.793531
2747,241.027611
2748,259.029394
2749,268.190376
2750,269.197787
2751,268.4119
2752,322.408281
2753,428.716935
2754,1194.385603
2755,630.686285
2756,1380.742005
2757,643.129961
2758,542.841361
2759,336.71456
2760,329.939933
2761,355.610874
2762,354.353276
2763,355.131411
2764,770.815106
2765,704.394959
2766,1605.345422
2767,529.494298
2768,1079.141187
2769,352.948646
2770,245.968771
2771,223.896066
2772,216.871787
2773,226.249351
2774,243.867806
2775,247.654659
2776,324.294222
2777,433.298304
2778,1213.581454
2779,603.082962
2780,616.40389
2781,1315.822
2782,494.097073
2783,274.857742
2784,268.215536
2785,268.206044
2786,261.754086
2787,263.682385
2788,278.763368
2789,1001.019379
2790,603.844486
2791,1221.904084
2792,362.68905
2793,1075.694872
2794,301.980006
2795,292.530624
2796,327.666342
2797,392.349374
2798,401.944121
2799,412.858761
2800,400.371527
2801,497.154927
2802,506.731698
2803,1340.312641
2804,669.91332
2805,662.796166
2806,556.071084
2807,358.688397
2808,370.887911
2809,386.892993
2810,388.058084
2811,381.73132
2812,1100.623844
2813,396.196328
2814,1567.702001
2815,1229.472212
2816,350.330231
2817,336.022486
2818,230.452714
2819,236.704194
2820,261.281344
2821,254.804889
2822,255.66242
2823,261.683743
2824,454.213052
2825,464.131806
2826,1131.003816
2827,607.673862
2828,1343.391678
2829,620.578288
2830,525.600691
2831,346.517178
2832,353.786333
2833,354.684251
2834,360.455063
2835,370.721859
2836,1093.76896
2837,376.523644
2838,1521.715679
2839,471.659622
2840,1071.689282
2841,288.894487
2842,238.656111
2843,268.398357
2844,299.729246
2845,313.312174
2846,314.642892
2847,314.809578
2848,318.064706
2849,475.989482
2850,1193.630212
2851,523.952387
2852,554.017856
2853,1354.822113
2854,687.829385
2855,437.572436
2856,425.729471
2857,401.866845
2858,389.127981
2859,381.719707
2860,388.130959
2861,1111.868701
2862,1452.479286
2863,506.364316
2864,1120.066289
2865,412.389669
2866,369.887531
2867,403.484112
2868,434.41388
2869,448.082359
2870,450.587445
2871,464.952781
2872,452.916897
2873,528.391568
2874,462.270076
2875,1198.881071
2876,478.903662
2877,558.330608
2878,1245.574705
2879,365.156041
2880,384.080754
2881,400.968236
2882,414.166782
2883,423.053411
2884,436.368377
2885,1159.152091
2886,1035.587279
2887,1312.513097
2888,431.252727
2889,406.060915
2890,320.96604
2891,309.202487
2892,298.823962
2893,296.026964
2894,300.775635
2895,295.87203
2896,632.263713
2897,1172.110161
2898,577.591015
2899,949.281345
2900,1238.307524
2901,709.712781
2902,605.699126
2903,403.307231
2904,395.240012
2905,392.567824
2906,390.834066
2907,390.556972
2908,1111.413492
2909,417.25731
2910,1627.287367
2911,1231.474219
2912,345.986181
2913,306.013242
2914,211.962024
2915,221.778478
2916,227.063906
2917,223.853176
2918,220.751986
2919,226.993587
2920,373.215265
2921,401.994026
2922,1239.920451
2923,700.436594
2924,1462.53952
2925,700.846188
2926,610.595782
2927,416.032965
2928,407.952627
2929,407.801708
2930,410.939369
2931,415.482254
2932,428.526194
2933,1160.191133
2934,1607.553488
2935,488.018707
2936,1013.64532
2937,286.515691
2938,223.471197
2939,232.179709
2940,238.633673
2941,251.870057
2942,252.91132
2943,244.129781
2944,346.625635
2945,409.929303
2946,478.161254
2947,1328.343506
2948,679.336598
2949,1394.808868
2950,611.336406
2951,406.819081
2952,397.640975
2953,389.878717
2954,381.240125
2955,373.744213
2956,379.298087
2957,1105.071067
2958,889.256625
2959,1257.463725
2960,376.477917
2961,362.333449
2962,271.864411
2963,257.69066
2964,246.182546
2965,235.847276
2966,238.781406
2967,243.616255
2968,476.867354
2969,1123.898476
2970,527.217725
2971,1363.708723
2972,701.147513
2973,724.219144
2974,634.493224
2975,422.556722
2976,409.621308
2977,409.027273
2978,409.575597
2979,409.591775
2980,1131.195872
2981,432.930023
2982,1591.182021
2983,1216.995564
2984,316.697269
2985,290.328991
2986,232.08659
2987,262.172987
2988,290.891982
2989,309.460869
2990,299.19009
2991,294.525879
2992,301.240904
2993,466.365362
2994,1224.387584
2995,610.205388
2996,1370.543954
2997,639.930898
2998,567.267543
2999,388.823978
3000,388.015654
3001,389.204202
3002,386.535334
3003,382.292604
3004,921.247922
3005,548.676143
3006,1382.336479
3007,406.3621
3008,1050.954035
3009,315.459215
3010,270.111449
3011,303.68433
3012,327.385741
3013,346.388654
3014,361.354984
3015,365.428648
3016,340.565999
3017,522.476202
3018,1230.559471
3019,545.443598
3020,529.857444
3021,1307.91975
3022,595.290562
3023,282.611491
3024,284.513162
3025,294.639579
3026,304.22162
3027,311.895668
3028,331.774688
3029,1037.491145
3030,502.181497
3031,1251.228925
3032,597.843056
3033,1076.972947
3034,447.377893
3035,478.962659
3036,502.763397
3037,515.071
3038,523.279046
3039,523.622685
3040,505.469514
3041,595.789898
3042,560.210127
3043,1315.141455
3044,585.901351
3045,632.116323
3046,563.188332
3047,344.841454
3048,331.395676
3049,319.256781
3050,311.262912
3051,306.218287
3052,1027.509238
3053,326.786774
3054,1308.656611
3055,1224.840977
3056,322.387531
3057,336.521574
3058,306.067518
3059,369.502133
3060,419.644911
3061,446.917979
3062,462.353039
3063,476.4497
3064,480.091664
3065,816.916265
3066,1233.071671
3067,797.907639
3068,1518.256638
3069,748.705076
3070,631.238885
3071,403.396884
3072,368.328306
3073,338.681472
3074,315.229523
3075,295.714144
3076,1004.520764
3077,297.909165
3078,1344.830419
3079,530.660844
3080,1111.866829
3081,424.141312
3082,399.725444
3083,463.589638
3084,483.371385
3085,489.685744
3086,506.555285
3087,508.841018
3088,405.726279
3089,607.77012
3090,1427.771128
3091,815.987348
3092,811.79278
3093,1458.622455
3094,629.451317
3095,391.233351
3096,350.603183
3097,319.625843
3098,303.436935
3099,289.54736
3100,290.650118
3101,1014.249476
3102,1327.383289
3103,500.889544
3104,1058.976542
3105,341.72432
3106,241.887248
3107,226.914595
3108,224.668183
3109,225.081228
3110,222.179525
3111,221.355543
3112,429.996052
3113,444.41464
3114,537.099486
3115,1376.326281
3116,695.224915
3117,686.291092
3118,1276.15455
3119,367.100643
3120,364.43428
3121,362.786558
3122,358.482902
3123,354.360534
3124,361.405411
3125,1084.869133
3126,820.073377
3127,1225.73398
3128,321.447161
3129,299.771575
3130,222.342602
3131,226.227261
3132,225.984641
3133,228.185329
3134,225.526394
3135,218.232265
3136,377.971083
3137,1092.291014
3138,477.519303
3139,946.050037
3140,1018.712629
3141,664.743711
3142,573.925009
3143,371.601736
3144,367.85703
3145,364.748236
3146,359.908658
3147,354.798914
3148,1073.777104
3149,359.344175
3150,1437.664219
3151,1170.650087
3152,304.788591
3153,327.723376
3154,258.704034
3155,265.366847
3156,279.368363
3157,300.584053
3158,317.381191
3159,324.042368
3160,328.884703
3161,483.856868
3162,1251.460778
3163,639.402552
3164,1363.851229
3165,637.176552
3166,512.594631
3167,290.207515
3168,282.776828
3169,291.104689
3170,297.387647
3171,302.868835
3172,316.277576
3173,1024.213527
3174,1338.435098
3175,435.740728
3176,1076.243052
3177,304.461518
3178,211.819291
3179,229.38429
3180,261.526411
3181,285.556419
3182,300.111736
3183,325.918117
3184,395.486331
3185,583.326926
3186,632.887336
3187,1455.046949
3188,798.484195
3189,1487.829624
3190,847.867602
3191,564.877961
3192,476.08909
3193,399.654295
3194,327.114886
3195,277.3261
3196,292.784819
3197,1005.646762
3198,454.103492
3199,1271.576977
3200,475.420965
3201,462.249337
3202,386.448871
3203,406.269531
3204,433.955524
3205,461.146578
3206,479.984879
3207,497.137165
3208,477.658977
3209,1274.263418
3210,516.614454
3211,1245.290808
3212,498.667803
3213,578.432115
3214,529.525565
3215,327.090627
3216,345.296662
3217,360.353164
3218,368.157679
3219,375.202302
3220,1104.580975
3221,357.21896
3222,1422.924183
3223,1197.075961
3224,355.575676
3225,364.943177
3226,346.91575
3227,445.907813
3228,492.98731
3229,535.534814
3230,441.872985
3231,421.809841
3232,403.84018
3233,592.488923
3234,1348.776927
3235,692.956058
3236,1388.811911
3237,646.27904
3238,545.424073
3239,337.887664
3240,315.026539
3241,297.314738
3242,276.465965
3243,273.603159
3244,917.441868
3245,445.410274
3246,1265.72751
3247,538.771889
3248,1094.264996
3249,439.097003
3250,408.664475
3251,475.399381
3252,547.373122
3253,606.469072
3254,616.891634
3255,594.906769
3256,526.973258
3257,706.663518
3258,1462.710158
3259,877.246529
3260,926.584788
3261,1525.238554
3262,657.84644
3263,431.048542
3264,411.046374
3265,398.573764
3266,392.371259
3267,391.721401
3268,434.730448
3269,1181.275028
3270,669.200516
3271,1407.374839
3272,780.407743
3273,1044.59657
3274,457.649347
3275,414.875746
3276,370.849114
3277,318.976503
3278,254.472571
3279,226.087867
3280,440.88806
3281,429.019164
3282,527.697786
3283,1399.618525
3284,737.096031
3285,724.228685
3286,614.273802
3287,404.772968
3288,391.345362
3289,380.566989
3290,369.294463
3291,359.405419
3292,1074.568428
3293,371.023817
3294,1565.294636
3295,1239.275442
3296,344.523313
3297,336.220309
3298,255.285732
3299,279.424212
3300,307.981121
3301,330.893407
3302,325.41065
3303,311.447116
3304,649.256347
3305,688.773808
3306,1078.889115
3307,703.50674
3308,1434.937146
3309,701.063587
3310,589.02499
3311,377.662009
3312,369.695313
3313,364.318258
3314,358.117782
3315,352.759867
3316,1072.245347
3317,372.897402
3318,1563.191283
3319,483.274691
3320,1017.066954
3321,335.194724
3322,288.145794
3323,323.014924
3324,350.777074
3325,368.911863
3326,373.362787
3327,374.79074
3328,362.596181
3329,548.179001
3330,1296.087358
3331,650.877922
3332,650.469613
3333,1352.389746
3334,534.035892
3335,326.449027
3336,322.771167
3337,325.732328
3338,327.732855
3339,326.70884
3340,336.537882
3341,1030.54141
3342,1226.308181
3343,447.52529
3344,1119.334389
3345,390.44931
3346,329.472456
3347,337.799472
3348,369.254332
3349,390.900504
3350,381.843924
3351,387.609979
3352,377.912637
3353,568.73446
3354,560.567321
3355,1288.88924
3356,554.521556
3357,619.624224
3358,1328.093233
3359,330.590454
3360,335.932701
3361,345.328988
3362,351.225674
3363,354.530191
3364,368.525524
3365,1062.705109
3366,574.672691
3367,1225.30626
3368,458.03564
3369,476.397629
3370,433.707668
3371,460.538519
3372,481.91635
3373,499.730086
3374,509.185626
3375,508.197936
3376,493.077478
3377,1292.496483
3378,523.686469
3379,902.530262
3380,840.420287
3381,590.746071
3382,557.257276
3383,357.192123
3384,364.249589
3385,368.018572
3386,360.369985
3387,358.511528
3388,1075.991659
3389,343.753318
3390,1353.067303
3391,1222.582984
3392,385.928054
3393,411.161865
3394,365.387512
3395,390.29334
3396,411.794026
3397,431.480181
3398,443.366405
3399,431.310327
3400,399.849864
3401,593.015783
3402,1360.509645
3403,722.748256
3404,1425.347839
3405,685.387859
3406,557.239169
3407,339.135118
3408,318.533451
3409,299.21141
3410,302.418749
3411,293.089577
3412,289.920233
3413,1043.077458
3414,1279.464748
3415,621.716962
3416,1227.183655
3417,548.855822
3418,493.620278
3419,515.585647
3420,526.670612
3421,529.628262
3422,534.193898
3423,564.642276
3424,602.321391
3425,766.909771
3426,840.70485
3427,1673.064885
3428,1001.6963
3429,1629.268703
3430,756.432256
3431,491.14287
3432,427.430822
3433,371.687893
3434,322.485935
3435,295.757973
3436,318.845342
3437,1049.093506
3438,721.460573
3439,1216.312151
3440,332.47434
3441,326.098411
3442,279.032882
3443,297.109815
3444,286.227528
3445,259.844683
3446,249.894022
3447,253.176934
3448,446.036652
3449,1138.405461
3450,520.5102
3451,1369.007423
3452,702.238999
3453,688.391939
3454,572.386092
3455,359.980913
3456,352.994971
3457,346.598315
3458,337.76187
3459,327.626221
3460,1036.443183
3461,328.724108
3462,1469.440007
3463,1224.649947
3464,332.427571
3465,321.377978
3466,230.841498
3467,224.981953
3468,229.997346
3469,235.595272
3470,232.30432
3471,229.682137
3472,390.122559
3473,406.800138
3474,1198.75478
3475,610.662375
3476,1356.801757
3477,635.622856
3478,519.067168
3479,316.735372
3480,326.198974
3481,337.505393
3482,344.598295
3483,348.267854
3484,994.186142
3485,427.8404
3486,1473.08669
3487,466.889413
3488,1030.312057
3489,325.906309
3490,253.2168
3491,269.365654
3492,281.068262
3493,282.130764
3494,283.632431
3495,284.7194
3496,311.41301
3497,467.185267
3498,1256.929099
3499,653.692238
3500,689.945319
3501,1369.754055
3502,540.083451
3503,319.026131
3504,297.842617
3505,286.876148
3506,279.359568
3507,274.147052
3508,282.270023
3509,990.760819
3510,488.28781
3511,1140.175943
3512,629.158779
3513,840.458322
3514,367.954303
3515,393.878579
3516,410.926331
3517,455.734336
3518,493.465983
3519,514.789298
3520,510.209317
3521,707.552613
3522,715.309497
3523,1473.695312
3524,733.934951
3525,762.053661
3526,744.127455
3527,393.004485
3528,340.896108
3529,335.189917
3530,334.012548
3531,334.179123
3532,1061.593578
3533,417.712877
3534,1285.317175
3535,1528.384223
3536,732.920983
3537,713.516963
3538,613.703414
3539,605.457852
3540,597.666338
3541,587.032664
3542,572.284062
3543,552.293901
3544,527.599171
3545,800.606358
3546,1024.888864
3547,555.915846
3548,1241.686886
3549,588.038933
3550,516.989239
3551,302.548086
3552,299.936792
3553,300.179665
3554,298.75475
3555,296.17331
3556,1017.937999
3557,330.513198
3558,1114.406105
3559,599.813646
3560,1184.105601
3561,439.101299
3562,362.893302
3563,342.99426
3564,321.516315
3565,334.624195
3566,363.859022
3567,381.017253
3568,394.639107
3569,497.270213
3570,1168.916429
3571,489.644269
3572,513.755719
3573,1297.349297
3574,554.977211
3575,356.534367
3576,356.982384
3577,353.658616
3578,347.069992
3579,340.752141
3580,344.910625
3581,1040.064783
3582,1334.127026
3583,504.787885
3584,1117.075873
3585,449.360285
3586,401.804905
3587,422.774762
3588,448.241843
3589,470.495744
3590,475.864266
3591,484.327678
3592,510.698007
3593,669.176042
3594,727.638737
3595,1496.458735
3596,766.922953
3597,735.272078
3598,1289.886207
3599,350.134319
3600,326.688971
3601,309.41469
3602,295.98306
3603,285.902635
3604,290.643355
3605,1025.030851
3606,576.614912
3607,1285.296916
3608,439.6388
3609,471.393259
3610,416.586293
3611,441.799744
3612,463.345642
3613,463.860394
3614,470.903119
3615,472.874053
3616,467.243685
3617,1340.088667
3618,692.036352
3619,1172.395311
3620,1150.363154
3621,775.301992
3622,665.231019
3623,455.555489
3624,503.255237
3625,512.533492
3626,512.943813
3627,516.805735
3628,1236.834681
3629,535.292853
3630,1438.272887
3631,1481.298902
3632,694.875902
3633,751.495479
3634,695.531376
3635,686.903821
3636,683.357572
3637,681.586988
3638,708.338373
3639,705.546034
3640,731.002213
3641,860.499075
3642,1703.191646
3643,973.537629
3644,1584.760802
3645,825.923742
3646,718.408516
3647,497.460636
3648,484.947425
3649,492.311802
3650,481.077959
3651,451.742683
3652,437.153257
3653,1154.620031
3654,1398.367941
3655,610.127744
3656,1169.138247
3657,476.280758
3658,454.568668
3659,494.301675
3660,500.128658
3661,506.177237
3662,523.928491
3663,521.093369
3664,501.735118
3665,690.224171
3666,722.170433
3667,1517.130254
3668,816.662623
3669,1442.029522
3670,595.784638
3671,348.673178
3672,297.580613
3673,316.56749
3674,344.791343
3675,341.493846
3676,312.576533
3677,1066.016692
3678,524.634635
3679,1326.117736
3680,561.404158
3681,525.562979
3682,469.976403
3683,513.055658
3684,539.17346
3685,542.259412
3686,558.122872
3687,554.571797
3688,556.878101
3689,1441.36439
3690,775.95262
3691,1546.00073
3692,816.107786
3693,816.345225
3694,731.558822
3695,376.858741
3696,341.239156
3697,325.246786
3698,300.523914
3699,294.247632
3700,1007.244382
3701,325.442085
3702,1196.972625
3703,1479.061616
3704,727.179849
3705,727.124285
3706,692.151135
3707,708.635247
3708,736.59993
3709,773.205679
3710,775.888805
3711,794.569392
3712,845.240512
3713,765.692667
3714,1343.815847
3715,693.134358
3716,1414.425829
3717,772.798466
3718,717.496759
3719,470.927057
3720,433.301717
3721,403.300392
3722,388.030961
3723,397.366567
3724,1063.415197
3725,536.483279
3726,1440.120442
3727,844.695609
3728,1471.09037
3729,825.351857
3730,809.243
3731,849.509155
3732,880.930693
3733,911.899347
3734,909.07384
3735,922.916194
3736,1022.448268
3737,1097.868798
3738,1912.704128
3739,1281.72204
3740,1292.707818
3741,1897.176236
3742,1043.609379
3743,814.393797
3744,801.138779
3745,760.764299
3746,735.481651
3747,730.277565
3748,744.124327
3749,1497.650624
3750,1052.920033
3751,1792.894897
3752,1195.050436
3753,1390.931805
3754,887.561551
3755,913.569781
3756,930.243227
3757,919.576263
3758,925.686702
3759,908.511071
3760,985.849259
3761,1094.249932
3762,1190.71384
3763,1995.480394
3764,1325.702605
3765,1207.261897
3766,991.703558
3767,721.279815
3768,680.768486
3769,659.391656
3770,638.340394
3771,623.649541
3772,1344.5022
3773,668.135602
3774,1608.820305
3775,1680.210709
3776,827.987446
3777,864.310287
3778,799.515306
3779,792.727518
3780,793.043272
3781,778.825949
3782,785.85868
3783,785.261154
3784,890.467149
3785,1193.122328
3786,1557.714726
3787,1203.712999
3788,1972.596623
3789,1194.998693
3790,1045.164545
3791,807.77481
3792,792.299985
3793,769.571784
3794,753.196981
3795,745.87554
3796,1473.499828
3797,783.021473
3798,1759.239676
3799,1052.254271
3800,1622.108036
3801,898.575153
3802,781.292914
3803,772.729638
3804,755.812615
3805,760.639152
3806,757.506028
3807,793.602308
3808,907.099888
3809,968.160916
3810,1735.842941
3811,1142.593897
3812,1201.202231
3813,1775.077799
3814,909.031234
3815,684.557738
3816,655.118683
3817,621.744471
3818,603.43678
3819,610.24797
3820,614.039078
3821,1371.454113
3822,1607.890462
3823,962.636219
3824,1537.868741
3825,880.239464
3826,826.982845
3827,851.441094
3828,848.567595
3829,843.965085
3830,831.811711
3831,824.137857
3832,906.126088
3833,969.335296
3834,1066.966663
3835,1918.333007
3836,1228.001158
3837,1104.18617
3838,1650.700345
3839,703.682422
3840,709.025019
3841,704.460021
3842,686.540012
3843,679.480245
3844,690.380776
3845,1404.001346
3846,750.785189
3847,1688.835464
3848,979.882625
3849,931.759712
3850,857.17766
3851,843.405642
3852,828.507186
3853,820.180983
3854,831.226413
3855,828.875291
3856,930.67405
3857,1736.586685
3858,1084.820389
3859,1446.149126
3860,1361.992889
3861,1076.659849
3862,1073.46678
3863,743.784313
3864,727.083981
3865,717.475751
3866,713.485996
3867,707.158726
3868,1428.740877
3869,733.506034
3870,1577.280604
3871,1905.434443
3872,1052.401966
3873,1059.935754
3874,1011.999505
3875,993.316337
3876,971.323472
3877,922.077407
3878,863.402937
3879,804.67618
3880,782.806007
3881,879.190633
3882,1577.782752
3883,907.060795
3884,1609.960431
3885,961.053782
3886,905.025827
3887,687.891532
3888,682.283552
3889,643.192592
3890,618.23232
3891,613.51665
3892,660.190534
3893,1412.930778
3894,1610.998066
3895,963.637839
3896,1548.188902
3897,828.003116
3898,789.946574
3899,792.470081
3900,720.691159
3901,748.31763
3902,802.344905
3903,806.501281
3904,859.202812
3905,960.694501
3906,1022.944713
3907,1819.057645
3908,1132.214746
3909,1771.040577
3910,923.829014
3911,692.308902
3912,681.187975
3913,636.702075
3914,614.610026
3915,626.278298
3916,654.587812
3917,1366.442767
3918,824.557155
3919,1566.719461
3920,696.565523
3921,689.006515
3922,618.976281
3923,644.987408
3924,686.469359
3925,709.610679
3926,714.569693
3927,653.296036
3928,630.771793
3929,1561.393802
3930,918.022976
3931,1718.274137
3932,996.852886
3933,874.009456
3934,717.765666
3935,476.640354
3936,427.225354
3937,387.455744
3938,371.536602
3939,364.811904
3940,1100.503425
3941,437.646526
3942,1369.256389
3943,1392.721033
3944,540.766778
3945,558.014706
3946,496.572555
3947,495.919355
3948,486.066049
3949,472.335801
3950,478.477754
3951,464.212968
3952,434.541326
3953,633.794057
3954,1408.94325
3955,758.014981
3956,1451.383591
3957,683.289903
3958,545.458034
3959,345.327432
3960,324.16747
3961,321.018064
3962,324.613978
3963,319.748019
3964,979.173009
3965,385.418997
3966,1387.529067
3967,497.069472
3968,1065.055003
3969,378.558978
3970,324.249082
3971,339.658596
3972,337.041682
3973,358.316121
3974,363.935536
3975,370.791667
3976,355.487255
3977,526.118302
3978,1299.258325
3979,671.000182
3980,667.877002
3981,1354.743832
3982,543.177149
3983,338.060563
3984,326.114247
3985,337.367981
3986,343.705777
3987,340.000024
3988,349.589101
3989,1074.26792
3990,742.711159
3991,1217.155274
3992,587.996323
3993,749.701591
3994,248.949184
3995,281.645686
3996,303.138404
3997,309.746824
3998,298.295689
3999,289.925596
4000,331.942929
4001,482.464131
4002,550.060368
4003,1351.920502
4004,642.930083
4005,660.090982
4006,565.1397
4007,369.079628
4008,375.115802
4009,364.389088
4010,374.872405
4011,370.118845
4012,1058.595021
4013,308.220885
4014,1248.482291
4015,1142.697879
4016,378.749375
4017,350.984356
4018,286.444827
4019,299.193183
4020,329.091703
4021,349.312484
4022,364.318648
4023,363.658256
4024,339.336558
4025,740.876932
4026,1025.138308
4027,561.329307
4028,1258.03051
4029,634.666911
4030,649.634726
4031,353.305298
4032,357.873176
4033,372.434
4034,386.585767
4035,386.008846
4036,1091.648386
4037,349.930486
4038,1290.562819
4039,523.447171
4040,1187.205351
4041,489.037458
4042,446.587656
4043,476.177959
4044,493.455675
4045,503.841517
4046,523.649816
4047,536.247729
4048,520.943203
4049,611.326653
4050,1291.176627
4051,587.717151
4052,527.672768
4053,1292.71411
4054,527.446717
4055,306.699332
4056,303.807933
4057,295.694289
4058,290.182972
4059,286.374517
4060,295.347673
4061,1020.490406
4062,1315.544146
4063,530.192915
4064,1120.054896
4065,452.892944
4066,401.412424
4067,417.408094
4068,426.850279
4069,420.041106
4070,416.519855
4071,414.575921
4072,399.146693
4073,582.946837
4074,632.469519
4075,1434.996497
4076,712.663571
4077,665.50773
4078,1232.984027
4079,318.731844
4080,305.205267
4081,290.190303
4082,299.852911
4083,303.899289
4084,314.40415
4085,1041.665701
4086,573.210995
4087,1279.083375
4088,430.722376
4089,506.865273
4090,511.001392
4091,526.018137
4092,528.335345
4093,563.63267
4094,573.120681
4095,564.858663
4096,574.318981
4097,1465.730751
4098,838.779156
4099,1307.208777
4100,1262.709948
4101,832.745141
4102,683.93104
4103,479.418542
4104,490.831819
4105,463.160647
4106,441.286361
4107,437.612835
4108,1159.317813
4109,489.400384
4110,1425.79118
4111,1506.530764
4112,682.149296
4113,707.250522
4114,638.362153
4115,651.920152
4116,655.564331
4117,670.831876
4118,660.370168
4119,638.591557
4120,608.842629
4121,802.08018
4122,1608.324948
4123,1004.335836
4124,1750.000206
4125,970.081389
4126,837.854527
4127,622.050804
4128,594.74822
4129,564.611869
4130,552.245885
4131,561.449461
4132,579.137822
4133,1331.580345
4134,1535.426714
4135,907.527796
4136,1527.50604
4137,840.730103
4138,758.504917
4139,772.556849
4140,753.83753
4141,742.08511
4142,757.530803
4143,769.414954
4144,797.895136
4145,972.483605
4146,997.250845
4147,1797.337681
4148,1141.994292
4149,1758.113418
4150,917.468855
4151,696.921084
4152,646.328534
4153,602.039045
4154,587.334621
4155,556.243091
4156,546.965607
4157,1303.747838
4158,800.104052
4159,1604.414925
4160,777.917197
4161,816.966636
4162,728.560885
4163,690.161973
4164,692.384109
4165,701.126248
4166,741.501412
4167,758.801276
4168,790.537745
4169,1649.02098
4170,1044.863378
4171,1880.158449
4172,1205.88899
4173,1133.628321
4174,1015.15238
4175,759.436433
4176,721.304663
4177,713.815393
4178,708.416537
4179,703.893378
4180,1428.575896
4181,710.066157
4182,1492.638087
4183,1575.689161
4184,805.075805
4185,774.000894
4186,698.231694
4187,711.095315
4188,752.587659
4189,736.007311
4190,778.755404
4191,776.407306
4192,807.597196
4193,910.512641
4194,1644.625448
4195,963.098076
4196,1608.868406
4197,897.009501
4198,905.578542
4199,570.253835
4200,504.811127
4201,476.819103
4202,469.294506
4203,432.512922
4204,1103.037769
4205,616.403657
4206,1410.513194
4207,1009.004556
4208,1624.985442
4209,915.063275
4210,846.090383
4211,890.903734
4212,902.935128
4213,879.564144
4214,871.165422
4215,857.421994
4216,944.901799
4217,994.975658
4218,1706.550658
4219,991.942394
4220,950.364756
4221,1653.730364
4222,855.34863
4223,617.810383
4224,571.633379
4225,545.390837
4226,537.593833
4227,518.642405
4228,531.3333
4229,1299.272146
4230,818.363701
4231,1683.677449
4232,1133.221166
4233,1344.076861
4234,830.777409
4235,817.153413
4236,792.57774
4237,814.523789
4238,759.656437
4239,686.831952
4240,665.465963
4241,875.568849
4242,977.271418
4243,1802.02489
4244,1131.456086
4245,1063.362393
4246,940.969301
4247,723.527206
4248,713.739859
4249,708.661862
4250,704.894188
4251,667.400757
4252,1410.156148
4253,735.582223
4254,1632.190018
4255,1654.688968
4256,831.156299
4257,877.830524
4258,812.85195
4259,825.075147
4260,846.916599
4261,894.072045
4262,897.162664
4263,885.304327
4264,951.196169
4265,1318.785135
4266,1709.649889
4267,1307.069904
4268,1993.882734
4269,1198.609614
4270,1083.88134
4271,863.292844
4272,818.794801
4273,753.64918
4274,724.595145
4275,716.883211
4276,1443.807575
4277,783.591767
4278,1731.936053
4279,1077.031408
4280,1649.745511
4281,929.509774
4282,854.446331
4283,861.976601
4284,876.77752
4285,895.783481
4286,903.812694
4287,870.557588
4288,834.969333
4289,919.290078
4290,1706.943575
4291,1118.976817
4292,1153.215149
4293,1779.764137
4294,920.92927
4295,663.168052
4296,605.816767
4297,529.031076
4298,449.759946
4299,387.129625
4300,374.806094
4301,1114.660388
4302,1365.54454
4303,567.701749
4304,1127.74296
4305,425.06264
4306,375.088068
4307,382.928186
4308,400.340234
4309,417.881651
4310,449.429724
4311,455.219684
4312,424.897244
4313,626.433385
4314,698.034531
4315,1536.614588
4316,862.7983
4317,799.977545
4318,1354.224717
4319,425.507485
4320,412.642136
4321,405.154973
4322,399.127875
4323,394.66138
4324,403.558226
4325,1131.861931
4326,632.115684
4327,1328.381883
4328,525.554277
4329,567.142272
4330,496.584341
4331,557.07634
4332,573.050915
4333,577.694553
4334,563.010108
4335,549.39768
4336,525.923491
4337,1424.529932
4338,821.347646
4339,1316.485146
4340,1279.355894
4341,880.533826
4342,699.143037
4343,450.61714
4344,376.495547
4345,324.12388
4346,308.782585
4347,324.241073
4348,1054.432362
4349,302.748339
4350,1222.436224
4351,1216.880088
4352,462.187593
4353,429.935571
4354,360.239731
4355,384.293163
4356,405.543257
4357,429.813663
4358,443.74014
4359,455.752119
4360,444.583168
4361,626.529925
4362,1345.580413
4363,638.126038
4364,1311.637321
4365,661.300169
4366,633.826742
4367,326.807294
4368,323.742286
4369,327.799224
4370,333.933395
4371,338.084037
4372,356.92795
4373,1038.353701
4374,1216.635388
4375,575.124975
4376,1232.038007
4377,522.781325
4378,469.49611
4379,487.362379
4380,517.987507
4381,539.917446
4382,557.347114
4383,569.226533
4384,565.790243
4385,648.689258
4386,621.023951
4387,1365.383207
4388,615.653708
4389,1364.615613
4390,581.335593
4391,351.737345
4392,332.343508
4393,313.202101
4394,300.450546
4395,305.474941
4396,323.948003
4397,1031.136866
4398,584.938236
4399,1309.814916
4400,475.302529
4401,508.11664
4402,466.965216
4403,494.847246
4404,512.433006
4405,520.700699
4406,531.341647
4407,540.918056
4408,551.797435
4409,1430.983738
4410,789.134166
4411,1604.273097
4412,913.30965
4413,864.651527
4414,724.821167
4415,502.854248
4416,496.760057
4417,496.357564
4418,502.600766
4419,513.991605
4420,1251.560498
4421,566.954257
4422,1357.827456
4423,1629.10284
4424,825.036592
4425,824.325878
4426,677.218282
4427,658.362871
4428,773.199937
4429,853.719767
4430,877.387306
4431,904.133203
4432,907.077979
4433,992.639087
4434,1688.795643
4435,1042.003671
4436,1736.780038
4437,1026.075541
4438,941.559671
4439,717.511676
4440,700.130549
4441,678.431543
4442,664.546664
4443,655.24487
4444,1313.450215
4445,737.706524
4446,1579.994361
4447,887.951399
4448,1442.670587
4449,730.768315
4450,653.456694
4451,640.685724
4452,666.176648
4453,696.528529
4454,701.753269
4455,700.246234
4456,713.701614
4457,845.51041
4458,1651.337397
4459,1055.666093
4460,1079.779996
4461,1696.319655
4462,851.255198
4463,614.469112
4464,581.509856
4465,552.630668
4466,527.975996
4467,503.200771
4468,495.974508
4469,1239.594613
4470,749.963062
4471,1523.665167
4472,938.672052
4473,1116.000342
4474,586.742269
4475,576.416483
4476,574.664314
4477,575.535106
4478,556.276294
4479,542.518701
4480,564.040463
4481,717.707309
4482,789.447948
4483,1589.46935
4484,833.455516
4485,750.501975
4486,601.427928
4487,361.785031
4488,339.100128
4489,323.514986
4490,310.77285
4491,300.517624
4492,1017.300844
4493,339.553282
4494,1329.777025
4495,1351.280901
4496,517.44815
4497,538.047312
4498,460.414639
4499,480.254047
4500,506.661667
4501,528.954994
4502,546.098078
4503,556.100552
4504,597.510308
4505,944.156081
4506,1259.326369
4507,831.741444
4508,1519.406169
4509,749.507739
4510,599.868399
4511,359.618397
4512,330.616856
4513,313.085334
4514,298.873293
4515,295.831906
4516,1022.038593
4517,292.985271
4518,1197.12543
4519,534.669921
4520,1220.162695
4521,485.82223
4522,430.065635
4523,459.33848
4524,491.190998
4525,512.246804
4526,517.374952
4527,532.967519
4528,585.393306
4529,711.605649
4530,1456.016162
4531,791.989703
4532,775.613841
4533,1519.246703
4534,780.26859
4535,451.963939
4536,425.070781
4537,404.200599
4538,385.770373
4539,368.716266
4540,366.748408
4541,1116.022981
4542,1229.398318
4543,849.248124
4544,1528.097974
4545,832.571845
4546,797.507649
4547,838.850148
4548,850.284762
4549,878.808639
4550,905.49506
4551,912.701594
4552,989.409333
4553,1001.100723
4554,959.537606
4555,1678.253616
4556,946.185575
4557,973.442286
4558,1587.548076
4559,640.410471
4560,595.31974
4561,550.008402
4562,511.127186
4563,475.216222
4564,453.650908
4565,1162.256943
4566,680.710535
4567,1451.920401
4568,585.711074
4569,586.245832
4570,532.101201
4571,563.90348
4572,584.613114
4573,607.165171
4574,635.786692
4575,645.606051
4576,723.541062
4577,1560.237489
4578,948.610926
4579,1408.325162
4580,1367.336685
4581,961.414208
4582,829.020454
4583,611.337213
4584,598.568708
4585,590.562824
4586,586.784336
4587,588.647557
4588,1321.286826
4589,638.499994
4590,1570.42821
4591,1745.713714
4592,932.7157
4593,890.027269
4594,786.299225
4595,817.229903
4596,847.016895
4597,853.615601
4598,858.668355
4599,861.040295
4600,963.57766
4601,1042.378651
4602,1829.749204
4603,1218.631575
4604,1953.63356
4605,1145.797356
4606,1018.29322
4607,794.6718
4608,773.671458
4609,756.583798
4610,738.417669
4611,724.59905
4612,724.858412
4613,1458.408686
4614,1719.046939
4615,1076.960306
4616,1678.151408
4617,994.202988
4618,935.559951
4619,969.814835
4620,1014.817493
4621,1039.641728
4622,1068.217818
4623,1092.403351
4624,1224.907681
4625,1273.952648
4626,1168.642075
4627,1979.077194
4628,1274.457686
4629,1921.522454
4630,1189.216744
4631,1025.184867
4632,966.027835
4633,933.3738
4634,906.85725
4635,886.633372
4636,897.61107
4637,1640.707578
4638,1214.366396
4639,1959.62576
4640,1106.976899
4641,1137.2184
4642,1087.422237
4643,1120.820147
4644,1130.880766
4645,1149.015181
4646,1182.543102
4647,1160.041024
4648,1161.921603
4649,1838.936565
4650,1169.429887
4651,1985.527272
4652,1276.292993
4653,1233.863859
4654,1181.786387
4655,1109.631712
4656,1120.139035
4657,1071.397771
4658,1016.533474
4659,987.223425
4660,1705.735289
4661,1039.656821
4662,2045.667147
4663,2012.06485
4664,1181.866681
4665,1208.870113
4666,1145.162155
4667,1125.188551
4668,1085.493598
4669,1128.263697
4670,1143.041119
4671,1137.011149
4672,1172.102029
4673,1135.938848
4674,1885.379628
4675,1272.980724
4676,1983.206764
4677,1238.450417
4678,1173.862884
4679,1118.863752
4680,1063.268496
4681,1004.277282
4682,976.037442
4683,955.427045
4684,1628.533916
4685,1031.734412
4686,1866.233558
4687,1214.190214
4688,1863.198353
4689,1104.51041
4690,1029.549654
4691,1026.756136
4692,1017.590387
4693,1006.502502
4694,1023.848465
4695,944.313872
4696,960.977053
4697,1109.454106
4698,1894.315944
4699,1250.700086
4700,1237.429335
4701,1942.237714
4702,1187.838201
4703,811.712671
4704,791.341764
4705,771.893605
4706,755.808599
4707,743.767216
4708,754.042063
4709,1505.024296
4710,922.378167
4711,1945.330468
4712,1413.127293
4713,1570.81548
4714,1081.172517
4715,1075.371505
4716,1081.505921
4717,1094.018352
4718,1067.551837
4719,1085.450907
4720,1160.819154
4721,1086.455858
4722,985.369922
4723,1718.165568
4724,1005.395148
4725,1063.417131
4726,999.094531
4727,753.68911
4728,726.049736
4729,693.988863
4730,666.837326
4731,639.813593
4732,1349.693745
4733,680.696174
4734,1634.282515
4735,1680.599156
4736,829.709499
4737,846.907648
4738,786.891211
4739,764.542925
4740,726.853669
4741,704.814814
4742,679.789513
4743,704.125867
4744,765.118402
4745,1056.881335
4746,1388.716133
4747,950.647764
4748,1617.867313
4749,830.370371
4750,668.170673
4751,418.184795
4752,388.315113
4753,367.261351
4754,350.230457
4755,335.352079
4756,1047.655896
4757,380.54743
4758,1378.079389
4759,731.222694
4760,1318.824663
4761,610.460098
4762,555.678335
4763,601.248145
4764,605.448607
4765,627.71976
4766,627.052192
4767,612.382349
4768,667.457538
4769,783.700357
4770,1580.643635
4771,935.158687
4772,910.474773
4773,1542.605184
4774,681.83558
4775,450.735072
4776,419.523166
4777,397.292314
4778,385.165266
4779,375.424995
4780,362.194935
4781,1088.055125
4782,1387.503873
4783,783.126616
4784,1367.650003
4785,653.921116
4786,579.069805
4787,597.654879
4788,617.765046
4789,632.576438
4790,639.531155
4791,662.799775
4792,748.829795
4793,848.709385
4794,950.606376
4795,1752.399598
4796,1039.785087
4797,952.397663
4798,1523.738256
4799,597.801507
4800,559.577926
4801,527.328563
4802,505.386992
4803,484.750164
4804,492.868639
4805,1256.645054
4806,735.322905
4807,1523.75989
4808,684.232915
4809,704.0335
4810,650.503605
4811,646.286637
4812,725.839
4813,688.424413
4814,658.813575
4815,671.291968
4816,641.561443
4817,1508.123648
4818,890.472751
4819,1410.316279
4820,1418.118946
4821,1025.339513
4822,902.292377
4823,675.16038
4824,641.93125
4825,610.26201
4826,585.430795
4827,565.098796
4828,1286.592554
4829,564.39255
4830,1469.62546
4831,1472.599275
4832,671.099563
4833,732.471374
4834,660.675938
4835,684.468721
4836,727.241555
4837,749.134209
4838,723.962247
4839,706.056387
4840,760.290529
4841,865.856204
4842,1683.291467
4843,1077.665962
4844,1801.537698
4845,983.041974
4846,828.319886
4847,600.786123
4848,575.569506
4849,559.743678
4850,551.190566
4851,545.824896
4852,557.43194
4853,1291.427942
4854,1481.395548
4855,956.967039
4856,1648.388102
4857,916.445369
4858,828.370144
4859,838.559605
4860,864.32361
4861,674.998145
4862,602.346988
4863,659.09568
4864,699.740968
4865,927.813497
4866,958.953379
4867,1688.281153
4868,943.24828
4869,1708.443494
4870,993.046669
4871,655.665582
4872,639.129699
4873,623.205866
4874,613.765528
4875,609.397819
4876,625.494162
4877,1387.122186
4878,746.054419
4879,1772.178493
4880,936.583377
4881,910.148545
4882,809.574158
4883,794.501361
4884,824.762086
4885,855.795733
4886,854.138559
4887,840.549951
4888,906.074309
4889,1667.210228
4890,965.467633
4891,1682.50613
4892,937.259161
4893,985.621381
4894,917.561338
4895,687.184162
4896,667.828453
4897,642.008668
4898,623.785722
4899,609.37251
4900,1328.177119
4901,649.590839
4902,1613.454866
4903,1691.911911
4904,830.807689
4905,866.032059
4906,828.975471
4907,844.315079
4908,841.216148
4909,827.039836
4910,820.551396
4911,834.191605
4912,910.678573
4913,1018.699748
4914,1827.690741
4915,1266.760349
4916,1995.178151
4917,1198.586857
4918,999.919943
4919,730.861773
4920,707.206969
4921,684.721196
4922,665.481737
4923,648.914732
4924,1307.161264
4925,725.785661
4926,1569.487816
4927,904.738825
4928,1507.325077
4929,820.98946
4930,757.935777
4931,779.117
4932,814.107857
4933,845.954401
4934,824.530075
4935,804.347272
4936,890.924338
4937,1024.742702
4938,1842.73677
4939,1233.637521
4940,1260.017355
4941,1857.192232
4942,1017.939269
4943,784.76371
4944,742.328672
4945,698.508062
4946,660.260277
4947,627.42902
4948,615.079057
4949,1341.053132
4950,810.404203
4951,1580.824976
4952,1014.457639
4953,1239.303332
4954,731.637169
4955,741.153048
4956,777.995382
4957,816.44533
4958,840.755669
4959,861.488027
4960,919.290881
4961,1031.894445
4962,1124.270674
4963,1927.272262
4964,1255.071845
4965,1181.862051
4966,1029.594431
4967,783.250086
4968,753.381777
4969,720.997531
4970,692.452881
4971,672.656758
4972,1383.921285
4973,706.032548
4974,1673.604818
4975,1753.350297
4976,904.323018
4977,933.063861
4978,885.055142
4979,939.924583
4980,937.837034
4981,920.191249
4982,929.447756
4983,924.271164
4984,1017.094949
4985,1325.366434
4986,1656.817262
4987,1249.511806
4988,1998.670759
4989,1202.844914
4990,1080.728258
4991,863.314952
4992,843.743539
4993,823.918885
4994,808.286562
4995,799.645487
4996,1525.431554
4997,835.715349
4998,1782.357604
4999,1080.561269
5000,1658.819385
5001,905.593318
5002,782.355914
5003,818.412961
5004,840.322396
5005,844.051015
5006,868.984678
5007,877.251494
5008,956.723553
5009,1041.300963
5010,1794.676721
5011,1147.678241
5012,1168.880314
5013,1794.649242
5014,948.566466
5015,711.143624
5016,672.484239
5017,639.328458
5018,612.074536
5019,589.424244
5020,583.717894
5021,1329.9494
5022,1539.68205
5023,946.01942
5024,1589.067528
5025,829.362524
5026,776.432691
5027,806.660776
5028,837.683317
5029,864.733153
5030,871.426536
5031,893.112702
5032,1013.876731
5033,1077.750428
5034,1136.683028
5035,1903.198258
5036,1158.42689
5037,1169.529197
5038,1849.861719
5039,786.915433
5040,745.105681
5041,705.55858
5042,664.611494
5043,628.622435
5044,611.715352
5045,1414.473063
5046,836.648204
5047,1924.791454
5048,1105.837391
5049,1081.23213
5050,1015.916709
5051,1030.455863
5052,1032.743128
5053,1058.724092
5054,1064.456483
5055,1053.263796
5056,1160.065657
5057,1854.763947
5058,1142.10176
5059,1565.971583
5060,1502.888681
5061,1183.001873
5062,1089.096203
5063,839.62455
5064,813.081886
5065,778.258796
5066,749.976447
5067,723.948098
5068,1430.317508
5069,757.937994
5070,1744.146204
5071,1769.599885
5072,885.502311
5073,895.33639
5074,844.747215
5075,860.589794
5076,857.587038
5077,845.50175
5078,889.131925
5079,926.764503
5080,1031.718936
5081,1129.831947
5082,1934.937587
5083,1319.310807
5084,2045.477156
5085,1219.290459
5086,1030.935712
5087,776.328312
5088,759.483759
5089,749.864429
5090,712.777938
5091,664.770038
5092,694.721314
5093,1443.070224
5094,1701.981062
5095,1099.495722
5096,1683.785319
5097,982.637045
5098,951.573307
5099,998.863562
5100,1017.025608
5101,1066.203002
5102,1069.437357
5103,1039.255801
5104,1187.588644
5105,1278.648649
5106,1319.743909
5107,2095.998095
5108,1371.435203
5109,2010.161579
5110,1133.996995
5111,869.733218
5112,842.41833
5113,833.913686
5114,827.151674
5115,821.698035
5116,837.164587
5117,1574.617149
5118,1051.452756
5119,1711.998283
5120,866.110249
5121,943.536956
5122,940.405572
5123,1023.190225
5124,1063.151761
5125,1069.571351
5126,1014.513451
5127,931.772925
5128,907.026598
5129,1731.476573
5130,1110.219538
5131,1869.603799
5132,1121.389018
5133,993.770623
5134,816.939637
5135,562.41814
5136,526.551529
5137,467.779942
5138,425.959435
5139,412.850299
5140,1137.582422
5141,488.429375
5142,1427.744544
5143,1528.045502
5144,743.374465
5145,824.823587
5146,821.081116
5147,874.984205
5148,890.587822
5149,980.7462
5150,1014.596341
5151,1031.810697
5152,1146.434903
5153,1275.575624
5154,2066.082062
5155,1393.483504
5156,2083.603273
5157,1244.565711
5158,1068.861679
5159,823.554689
5160,798.74734
5161,777.295376
5162,728.288754
5163,717.370523
5164,1374.338103
5165,807.544739
5166,1736.595909
5167,1103.094096
5168,1680.86046
5169,1003.58496
5170,960.501325
5171,989.669401
5172,1005.223655
5173,985.896366
5174,984.919048
5175,982.148384
5176,1074.07433
5177,1264.995804
5178,2021.83209
5179,1351.021352
5180,1338.653609
5181,1916.114692
5182,1079.574449
5183,837.999914
5184,783.815893
5185,763.739166
5186,788.967044
5187,792.690155
5188,777.911931
5189,1510.848455
5190,941.021882
5191,1768.739088
5192,1259.399968
5193,1396.970731
5194,891.165799
5195,919.830732
5196,968.422471
5197,961.370966
5198,964.145823
5199,967.749448
5200,1014.417044
5201,1120.825838
5202,1131.257961
5203,1833.34466
5204,1071.714653
5205,1076.446534
5206,1048.664858
5207,696.275757
5208,639.443873
5209,598.288611
5210,581.258138
5211,558.966471
5212,1240.181807
5213,485.901128
5214,1253.809946
5215,1537.7468
5216,720.187009
5217,715.728968
5218,658.346805
5219,689.958002
5220,680.784799
5221,694.735191
5222,684.029815
5223,670.58028
5224,660.409672
5225,935.50744
5226,1144.351135
5227,652.301743
5228,1340.165042
5229,684.840326
5230,609.312758
5231,369.220957
5232,342.506575
5233,322.139731
5234,318.508257
5235,320.220367
5236,1050.620428
5237,332.100965
5238,1352.433359
5239,543.754918
5240,1147.067721
5241,461.694853
5242,408.63493
5243,424.902041
5244,446.383897
5245,460.42104
5246,463.534595
5247,465.520998
5248,442.007688
5249,636.832504
5250,1397.875619
5251,773.839818
5252,796.354509
5253,1448.436852
5254,601.091253
5255,365.11398
5256,334.528852
5257,318.666667
5258,306.824285
5259,321.561302
5260,337.879659
5261,1032.590846
5262,1331.461366
5263,566.370545
5264,1180.003765
5265,495.103731
5266,448.023518
5267,462.442965
5268,480.199644
5269,504.009015
5270,512.063847
5271,530.669278
5272,540.110879
5273,687.543617
5274,747.846541
5275,1556.192826
5276,850.39234
5277,764.124423
5278,1309.780699
5279,378.277805
5280,353.883983
5281,338.825332
5282,331.472094
5283,309.097328
5284,317.058091
5285,1037.686119
5286,605.000677
5287,1323.76695
5288,530.805864
5289,578.10277
5290,522.152458
5291,543.202724
5292,568.167579
5293,611.74136
5294,619.358267
5295,601.264404
5296,639.024807
5297,1504.377139
5298,872.522051
5299,1326.120878
5300,1274.459807
5301,836.350535
5302,654.545691
5303,400.761935
5304,362.927164
5305,345.379797
5306,326.241578
5307,323.603019
5308,1048.967028
5309,356.144633
5310,1378.030362
5311,1458.170716
5312,649.429049
5313,690.074212
5314,639.434167
5315,678.899197
5316,702.471889
5317,725.583178
5318,751.75144
5319,735.105551
5320,791.20434
5321,986.397732
5322,1768.309498
5323,1079.621233
5324,1750.175978
5325,942.724205
5326,815.033927
5327,566.595512
5328,548.237702
5329,534.011544
5330,519.269299
5331,513.420299
5332,524.592495
5333,1280.326936
5334,1511.883332
5335,873.264652
5336,1442.222852
5337,754.418548
5338,680.931446
5339,713.853741
5340,722.025939
5341,693.006589
5342,668.160174
5343,684.372713
5344,697.283973
5345,833.038069
5346,908.696476
5347,1695.139835
5348,1006.089261
5349,1651.676506
5350,842.148872
5351,616.484941
5352,576.692971
5353,530.759617
5354,505.862608
5355,499.848038
5356,507.278036
5357,1246.269522
5358,657.830243
5359,1545.91694
5360,834.489442
5361,807.624336
5362,745.197674
5363,776.044502
5364,768.298751
5365,777.237706
5366,810.668124
5367,828.551582
5368,861.122677
5369,1651.698087
5370,906.048442
5371,1655.541048
5372,943.321538
5373,956.150821
5374,955.557315
5375,627.7321
5376,604.009605
5377,595.560733
5378,589.472846
5379,584.44291
5380,1306.329968
5381,602.772524
5382,1406.265213
5383,1711.289345
5384,864.01616
5385,841.062137
5386,729.730367
5387,749.483585
5388,810.914382
5389,824.14177
5390,833.159406
5391,789.641645
5392,763.347916
5393,844.723124
5394,1531.318128
5395,841.081192
5396,1554.520515
5397,908.118685
5398,846.497751
5399,630.226317
5400,625.192661
5401,620.082343
5402,596.658658
5403,569.564183
5404,1212.567333
5405,623.728623
5406,1463.836445
5407,773.368143
5408,1324.851828
5409,617.200594
5410,520.381137
5411,522.422013
5412,523.93497
5413,531.537077
5414,576.271134
5415,591.362312
5416,543.938958
5417,716.571111
5418,1498.303755
5419,855.227818
5420,866.624908
5421,1526.814302
5422,731.599563
5423,502.610417
5424,474.083644
5425,468.114859
5426,463.417026
5427,459.971815
5428,483.736554
5429,1236.4641
5430,744.229408
5431,1565.905303
5432,1015.351608
5433,1236.585406
5434,733.489472
5435,773.655269
5436,768.251131
5437,778.202365
5438,798.803041
5439,804.056656
5440,833.524854
5441,957.188347
5442,1029.153018
5443,1828.116086
5444,1152.940738
5445,1063.955689
5446,949.184149
5447,743.190681
5448,733.698958
5449,729.249927
5450,713.386493
5451,698.63541
5452,1308.068239
5453,553.475471
5454,1476.284668
5455,1516.451109
5456,676.631879
5457,699.366206
5458,688.438102
5459,750.412586
5460,763.623669
5461,753.099864
5462,674.114512
5463,632.60093
5464,635.100342
5465,1084.541631
5466,1424.719631
5467,1024.474098
5468,1786.337111
5469,1014.216894
5470,861.164714
5471,624.417596
5472,613.727978
5473,608.085773
5474,604.154128
5475,621.198911
5476,1373.008578
5477,684.207077
5478,1592.502112
5479,921.567026
5480,1495.072424
5481,782.589097
5482,728.953603
5483,766.944028
5484,797.610375
5485,822.082559
5486,855.29024
5487,883.506982
5488,909.109637
5489,1052.740702
5490,1816.070969
5491,1154.275925
5492,1172.833441
5493,1766.879921
5494,881.431757
5495,641.803938
5496,629.72896
5497,603.650474
5498,556.264938
5499,503.688527
5500,480.056489
5501,1196.422095
5502,1366.969669
5503,630.233751
5504,1188.461675
5505,470.131627
5506,410.499746
5507,451.629655
5508,500.826571
5509,551.813434
5510,606.62198
5511,632.544559
5512,629.943952
5513,817.06717
5514,896.609632
5515,1719.787693
5516,1036.998479
5517,971.830644
5518,1551.130231
5519,651.278179
5520,628.272099
5521,606.523529
5522,617.23683
5523,646.556
5524,570.680776
5525,1221.26519
5526,582.169628
5527,1360.283218
5528,589.383308
5529,537.828233
5530,479.493412
5531,567.657163
5532,637.026506
5533,633.399751
5534,585.971653
5535,548.60938
5536,526.214293
5537,1375.8842
5538,670.106389
5539,1085.64066
5540,1009.571374
5541,724.23687
5542,698.23739
5543,370.470663
5544,359.686293
5545,342.1877
5546,296.128832
5547,299.427954
5548,1019.504301
5549,309.099254
5550,1196.817706
5551,1379.085043
5552,595.409038
5553,607.46567
5554,590.724161
5555,642.645978
5556,678.244775
5557,714.544194
5558,732.665299
5559,727.554047
5560,714.62197
5561,803.424772
5562,1455.428894
5563,739.411165
5564,1424.411596
5565,766.435909
5566,684.948099
5567,487.516566
5568,500.066547
5569,495.140502
5570,477.540331
5571,465.324346
5572,457.818474
5573,1188.830769
5574,1444.759141
5575,838.824221
5576,1461.905801
5577,830.24409
5578,822.18932
5579,857.765377
5580,907.008427
5581,923.623573
5582,948.102914
5583,940.003335
5584,975.891265
5585,1100.832839
5586,1179.515173
5587,1973.467812
5588,1300.474098
5589,1889.109285
5590,1000.360732
5591,761.024019
5592,748.778436
5593,743.125629
5594,739.046036
5595,757.94599
5596,765.184023
5597,1506.097508
5598,1002.038341
5599,1785.789208
5600,940.978774
5601,960.938912
5602,893.563265
5603,906.370048
5604,930.050728
5605,942.869047
5606,1010.059689
5607,1021.116115
5608,1149.341083
5609,1927.066094
5610,1268.992587
5611,1989.26926
5612,1254.649651
5613,1102.218631
5614,937.426797
5615,736.223355
5616,714.970041
5617,695.129136
5618,689.510402
5619,684.610501
5620,1378.52449
5621,674.920141
5622,1594.413471
5623,1607.33877
5624,703.440154
5625,728.538645
5626,681.075625
5627,718.439444
5628,659.809159
5629,636.310842
5630,670.47889
5631,688.550478
5632,668.57538
5633,839.920556
5634,1630.309222
5635,1014.900929
5636,1766.321783
5637,996.33896
5638,875.252199
5639,639.229928
5640,617.89088
5641,599.172192
5642,619.956514
5643,637.210464
5644,1269.313467
5645,704.922275
5646,1554.874007
5647,866.220771
5648,1474.780212
5649,797.796678
5650,752.636755
5651,791.965695
5652,812.56289
5653,820.284461
5654,759.653426
5655,778.48137
5656,786.158828
5657,918.748743
5658,1680.820311
5659,1062.076881
5660,1107.367682
5661,1729.423119
5662,883.057658
5663,627.033825
5664,570.326839
5665,513.992059
5666,487.460905
5667,480.601699
5668,489.211441
5669,1227.440711
5670,713.036011
5671,1497.18872
5672,909.873648
5673,1117.944801
5674,617.818009
5675,666.591109
5676,689.71818
5677,686.251019
5678,711.78961
5679,725.064402
5680,741.978112
5681,902.08775
5682,944.969864
5683,1696.132719
5684,997.161483
5685,898.585523
5686,739.544566
5687,522.919215
5688,498.394674
5689,495.801467
5690,484.42945
5691,454.664876
5692,1164.87064
5693,460.458768
5694,1319.548238
5695,1466.211767
5696,736.862414
5697,733.735543
5698,670.748023
5699,719.592059
5700,758.903142
5701,754.755296
5702,744.573874
5703,746.940604
5704,777.911438
5705,1127.64023
5706,1395.138943
5707,907.901542
5708,1600.208971
5709,933.595032
5710,925.236292
5711,603.5475
5712,577.733145
5713,562.07731
5714,542.053994
5715,510.736294
5716,1220.046
5717,511.695985
5718,1300.219046
5719,890.914949
5720,1480.767904
5721,700.520801
5722,649.61416
5723,715.794155
5724,757.455474
5725,759.668014
5726,741.015755
5727,747.414018
5728,778.541894
5729,846.099227
5730,1489.907141
5731,791.666829
5732,783.987596
5733,1552.842617
5734,789.571656
5735,557.675541
5736,529.316153
5737,513.858151
5738,493.320352
5739,463.095879
5740,461.475062
5741,1186.276961
5742,1416.412191
5743,717.654969
5744,1321.450124
5745,675.064739
5746,670.711014
5747,673.242315
5748,658.616219
5749,643.712426
5750,640.612494
5751,618.225032
5752,593.425893
5753,755.756108
5754,794.402758
5755,1597.528493
5756,918.496494
5757,853.735853
5758,1422.628886
5759,471.838462
5760,441.38825
5761,404.81742
5762,381.300587
5763,375.449238
5764,369.2717
5765,1083.659131
5766,643.805566
5767,1394.07522
5768,602.245801
5769,678.860107
5770,654.352351
5771,691.747165
5772,721.562805
5773,695.177175
5774,670.654055
5775,653.663652
5776,647.900194
5777,1513.663833
5778,865.958918
5779,1327.530401
5780,1276.547575
5781,853.286915
5782,720.464866
5783,491.003658
5784,471.930048
5785,460.994645
5786,452.710272
5787,447.452845
5788,1138.660716
5789,418.440262
5790,1393.910281
5791,1413.162751
5792,605.273278
5793,645.163792
5794,625.42046
5795,632.074228
5796,644.572837
5797,669.086693
5798,655.9039
5799,644.437866
5800,663.42157
5801,794.403976
5802,1562.878392
5803,944.790144
5804,1652.230941
5805,853.603647
5806,707.712079
5807,463.076608
5808,439.880418
5809,418.412524
5810,403.634531
5811,369.528626
5812,359.451438
5813,1090.577505
5814,1367.262161
5815,661.380011
5816,1301.383681
5817,657.97955
5818,665.97955
5819,693.916557
5820,696.778992
5821,706.447812
5822,721.360274
5823,719.765762
5824,764.772408
5825,905.321129
5826,939.835235
5827,1726.823774
5828,1028.272264
5829,1671.783906
5830,835.296748
5831,599.098041
5832,592.755857
5833,582.391382
5834,560.434899
5835,539.707964
5836,545.34872
5837,1269.331558
5838,803.559717
5839,1691.862968
5840,891.761257
5841,925.152743
5842,898.508238
5843,930.493022
5844,928.638868
5845,953.066463
5846,940.976728
5847,937.233579
5848,1039.306393
5849,1837.251096
5850,1162.510158
5851,1913.325273
5852,1213.080209
5853,1092.239384
5854,926.175639
5855,674.15888
5856,641.815095
5857,651.450618
5858,636.815312
5859,586.272626
5860,1275.511508
5861,575.460706
5862,1481.633905
5863,1688.906678
5864,966.695945
5865,970.023903
5866,901.236947
5867,899.696286
5868,918.517705
5869,929.87099
5870,943.170709
5871,971.090515
5872,1088.055265
5873,1140.986507
5874,1805.82658
5875,1059.117891
5876,1739.222965
5877,1058.879324
5878,1047.65368
5879,682.648002
5880,665.570956
5881,647.272027
5882,627.832551
5883,621.633995
5884,1237.014925
5885,670.624217
5886,1456.241325
5887,1112.909151
5888,1773.49035
5889,1067.715565
5890,975.603124
5891,1012.413851
5892,1058.327118
5893,1045.926843
5894,1054.932726
5895,1058.890476
5896,1106.655023
5897,1110.074412
5898,1787.283742
5899,1125.123031
5900,1091.865309
5901,1797.501764
5902,1029.301918
5903,823.003941
5904,783.13057
5905,755.062483
5906,713.49029
5907,652.766733
5908,645.027924
5909,1353.406597
5910,665.77146
5911,1628.563644
5912,1046.566278
5913,1218.180014
5914,724.862148
5915,753.508613
5916,741.350958
5917,684.502063
5918,661.729327
5919,640.110767
5920,592.888125
5921,649.670925
5922,590.537003
5923,1330.603698
5924,610.913141
5925,669.848522
5926,608.313182
5927,380.349558
5928,355.974203
5929,324.139432
5930,331.660538
5931,349.811209
5932,1079.286405
5933,387.682589
5934,1536.871994
5935,1216.692081
5936,348.8479
5937,404.379249
5938,369.140726
5939,414.707552
5940,441.773605
5941,458.358063
5942,464.426154
5943,450.642891
5944,415.503615
5945,803.876171
5946,1108.258985
5947,694.420652
5948,1396.09934
5949,679.584741
5950,583.240171
5951,392.540971
5952,388.347022
5953,393.318542
5954,407.625787
5955,407.211417
5956,1123.425987
5957,413.615613
5958,1591.348084
5959,496.47133
5960,1051.160451
5961,403.885055
5962,385.583618
5963,461.262527
5964,527.297635
5965,577.096319
5966,604.34356
5967,614.749698
5968,671.074011
5969,802.81806
5970,1544.97923
5971,895.430945
5972,911.83517
5973,1551.238493
5974,711.873775
5975,462.004321
5976,431.666073
5977,394.943847
5978,370.940487
5979,365.049734
5980,372.945891
5981,1095.777173
5982,1389.014775
5983,709.115247
5984,1356.069378
5985,713.615851
5986,676.664731
5987,713.478695
5988,753.270325
5989,767.709169
5990,757.154593
5991,748.423926
5992,770.388962
5993,884.792154
5994,923.154026
5995,1733.317539
5996,1072.512415
5997,1007.310632
5998,1571.301114
5999,610.11126
6000,563.891485
6001,546.613701
6002,567.08331
6003,551.142193
6004,514.758012
6005,1219.301083
6006,747.105274
6007,1555.677093
6008,747.786552
6009,784.199236
6010,715.555062
6011,751.770117
6012,771.679104
6013,769.820007
6014,765.761142
6015,758.372449
6016,798.478183
6017,1645.408007
6018,1010.464076
6019,1484.599277
6020,1456.765209
6021,1031.221437
6022,862.318961
6023,588.232775
6024,549.527191
6025,539.875535
6026,547.496742
6027,569.7435
6028,1338.693091
6029,639.757559
6030,1458.749187
6031,1564.671768
6032,810.613715
6033,798.759485
6034,741.651704
6035,759.824399
6036,764.245534
6037,766.044577
6038,786.907596
6039,783.534095
6040,817.23719
6041,954.353475
6042,1680.055009
6043,1008.634662
6044,1716.880406
6045,1063.320501
6046,1091.39941
6047,781.738768
6048,771.222236
6049,766.198829
6050,763.32428
6051,738.322893
6052,763.367964
6053,1482.671871
6054,1450.829191
6055,955.297611
6056,1516.182637
6057,797.570704
6058,727.547949
6059,727.82261
6060,763.969992
6061,836.84341
6062,873.398083
6063,857.877578
6064,839.336155
6065,888.4636
6066,819.745268
6067,1573.806434
6068,890.420745
6069,1654.721179
6070,869.708655
6071,646.28294
6072,676.202306
6073,693.027453
6074,690.881304
6075,689.7011
6076,707.170608
6077,1436.351621
6078,925.21528
6079,1719.814665
6080,904.299676
6081,957.426051
6082,924.970741
6083,949.478651
6084,953.871724
6085,963.175862
6086,960.410527
6087,949.662993
6088,1004.637254
6089,1827.038404
6090,1174.61469
6091,1937.830011
6092,1231.378823
6093,1128.826919
6094,992.113224
6095,623.612785
6096,522.434962
6097,509.682742
6098,500.148769
6099,493.053985
6100,1215.606926
6101,509.771983
6102,1440.608346
6103,1443.541061
6104,583.86312
6105,530.131409
6106,431.699753
6107,515.423891
6108,557.693504
6109,538.902911
6110,515.256684
6111,512.207585
6112,495.05836
6113,628.03993
6114,1351.36427
6115,711.562784
6116,1446.557405
6117,696.304085
6118,555.13511
6119,339.650119
6120,359.290702
6121,361.326201
6122,370.847731
6123,373.987502
6124,1032.193967
6125,448.452759
6126,1451.90531
6127,492.319022
6128,1087.603057
6129,434.067732
6130,404.872873
6131,442.102562
6132,487.6895
6133,520.647498
6134,551.877292
6135,545.744037
6136,549.484153
6137,658.001811
6138,1374.477892
6139,719.214325
6140,725.577563
6141,1387.635144
6142,560.409974
6143,349.230417
6144,335.84428
6145,320.234273
6146,302.096876
6147,304.520635
6148,318.261594
6149,1045.785748
6150,643.535938
6151,1292.500089
6152,719.290726
6153,948.747147
6154,463.851019
6155,428.711956
6156,413.477566
6157,418.161235
6158,432.588387
6159,398.101609
6160,375.86757
6161,561.081052
6162,603.258582
6163,1406.516557
6164,703.209574
6165,669.47275
6166,528.94
6167,314.796541
6168,348.76358
6169,383.582984
6170,400.347225
6171,402.013541
6172,1119.252294
6173,408.767716
6174,1549.515889
6175,1199.639472
6176,324.738694
6177,355.402707
6178,304.495308
6179,326.77819
6180,350.266324
6181,372.627223
6182,366.372865
6183,355.855312
6184,355.452953
6185,694.818744
6186,1018.163509
6187,654.584889
6188,1421.077158
6189,709.424162
6190,637.531537
6191,465.368436
6192,450.733046
6193,428.397247
6194,421.988843
6195,420.183171
6196,1147.912942
6197,447.915723
6198,1610.113728
6199,458.324173
6200,1067.810702
6201,301.052457
6202,264.24551
6203,298.978433
6204,320.527693
6205,338.585084
6206,356.042844
6207,361.381474
6208,341.36432
6209,470.501517
6210,1232.76919
6211,634.173089
6212,646.631584
6213,1414.153008
6214,711.25252
6215,414.906971
6216,402.417093
6217,389.090441
6218,383.325435
6219,378.890869
6220,391.90956
6221,1105.80538
6222,1408.390804
6223,494.853201
6224,1161.797512
6225,489.707419
6226,474.585562
6227,522.908271
6228,571.439363
6229,595.427507
6230,610.527694
6231,619.259576
6232,652.490063
6233,643.463001
6234,544.389878
6235,1263.608986
6236,527.589874
6237,590.888456
6238,1253.866143
6239,342.343949
6240,347.883578
6241,357.500412
6242,364.454101
6243,369.506966
6244,388.225018
6245,1100.580724
6246,719.264954
6247,1220.542568
6248,425.193302
6249,513.31007
6250,486.68658
6251,540.111642
6252,584.384259
6253,603.261739
6254,597.381117
6255,575.937645
6256,580.035233
6257,1376.03128
6258,678.839461
6259,1144.37357
6260,1112.640618
6261,729.033909
6262,594.768817
6263,370.536922
6264,352.721225
6265,338.835963
6266,328.087176
6267,310.845237
6268,1020.122481
6269,313.26478
6270,1312.308159
6271,1293.860953
6272,477.070361
6273,544.158211
6274,532.204617
6275,584.395122
6276,620.668617
6277,634.270046
6278,637.488289
6279,625.70017
6280,663.763717
6281,746.487455
6282,1480.369374
6283,856.237425
6284,1593.896972
6285,846.529451
6286,731.123679
6287,514.029778
6288,503.196038
6289,470.417478
6290,447.245132
6291,420.111244
6292,413.483762
6293,1127.570371
6294,1318.184377
6295,631.310677
6296,1221.236114
6297,537.700701
6298,471.410927
6299,433.504405
6300,313.951451
6301,282.220374
6302,294.365828
6303,310.85532
6304,613.124702
6305,481.353056
6306,568.740233
6307,1401.397083
6308,713.937514
6309,1416.052344
6310,588.343951
6311,369.505222
6312,359.488769
6313,376.377867
6314,394.497809
6315,412.536145
6316,434.204897
6317,1163.878627
6318,1022.770384
6319,1250.861693
6320,351.586856
6321,324.667979
6322,240.153419
6323,267.857253
6324,302.228138
6325,319.981565
6326,319.581412
6327,316.95252
6328,336.75169
6329,1163.089545
6330,591.087542
6331,1422.028765
6332,745.650515
6333,753.177043
6334,656.514007
6335,446.604778
6336,408.271116
6337,393.668217
6338,393.214088
6339,380.772294
6340,1086.464425
6341,377.571995
6342,1580.788965
6343,1243.747874
6344,340.197335
6345,308.281809
6346,246.641735
6347,311.631647
6348,432.151095
6349,550.877679
6350,606.467525
6351,627.375836
6352,666.310934
6353,789.410203
6354,1572.612282
6355,965.617892
6356,1706.49903
6357,968.951486
6358,860.026076
6359,667.738428
6360,668.27427
6361,650.456791
6362,639.422857
6363,617.203955
6364,1287.011845
6365,685.953679
6366,1412.620153
6367,825.179385
6368,1516.345203
6369,783.790034
6370,681.71611
6371,652.107718
6372,586.20583
6373,543.17072
6374,505.608345
6375,423.534062
6376,395.724999
6377,496.155998
6378,1209.653489
6379,556.564056
6380,563.328226
6381,1345.626735
6382,635.206409
6383,325.062094
6384,301.674606
6385,285.492296
6386,286.760235
6387,299.657293
6388,318.891046
6389,1032.790507
6390,585.086259
6391,1265.231896
6392,697.46653
6393,830.898684
6394,320.61465
6395,328.267712
6396,331.489758
6397,342.132618
6398,349.878188
6399,351.083341
6400,454.810646
6401,419.460946
6402,393.23345
6403,1190.804954
6404,502.06593
6405,590.289799
6406,558.44255
6407,360.92809
6408,357.57561
6409,374.719773
6410,382.027581
6411,375.094728
6412,1094.011824
6413,388.505813
6414,1627.639216
6415,1279.325219
6416,402.087022
6417,389.033363
6418,308.778375
6419,305.650763
6420,317.534728
6421,312.247162
6422,304.756906
6423,293.342918
6424,577.476294
6425,668.346619
6426,1065.386555
6427,718.890476
6428,1456.756092
6429,716.378733
6430,622.065396
6431,430.364602
6432,435.36738
6433,446.060005
6434,447.771255
6435,445.163485
6436,1164.791172
6437,499.774951
6438,1874.262062
6439,555.919007
6440,1069.615134
6441,312.185495
6442,225.870493
6443,242.767457
6444,260.231937
6445,274.913207
6446,282.034757
6447,281.137271
6448,317.024845
6449,414.020901
6450,1248.050785
6451,697.94805
6452,736.491317
6453,1427.758511
6454,617.843144
6455,400.168374
6456,389.324676
6457,389.625109
6458,388.880619
6459,386.786176
6460,404.553497
6461,1133.113696
6462,1628.385526
6463,495.349327
6464,1018.198416
6465,346.469591
6466,316.136519
6467,370.651943
6468,403.486901
6469,424.714655
6470,433.777534
6471,422.554593
6472,381.40917
6473,512.09498
6474,568.721215
6475,1389.080339
6476,659.562185
6477,651.109661
6478,1260.692937
6479,371.00567
6480,369.801563
6481,390.146128
6482,399.565792
6483,391.328867
6484,407.97655
6485,1134.616167
6486,940.04609
6487,1256.85437
6488,355.765814
6489,327.60181
6490,280.816073
6491,315.116779
6492,357.667792
6493,390.563392
6494,398.384086
6495,394.167716
6496,355.495237
6497,1179.862497
6498,575.333
6499,1080.333715
6500,1052.14389
6501,716.949817
6502,623.216945
6503,417.172826
6504,414.651421
6505,420.328726
6506,414.687285
6507,404.131565
6508,1131.632067
6509,439.21238
6510,1672.143709
6511,1225.671301
6512,319.756304
6513,359.441297
6514,337.93468
6515,389.509788
6516,414.202321
6517,436.146209
6518,443.097004
6519,427.532318
6520,389.855234
6521,513.400898
6522,1251.376478
6523,638.676148
6524,1368.191038
6525,667.883122
6526,587.244115
6527,369.477374
6528,360.27104
6529,375.236481
6530,376.853056
6531,370.517571
6532,376.530919
6533,1092.063037
6534,1436.578436
6535,416.556256
6536,1096.485521
6537,401.45544
6538,362.762939
6539,401.040589
6540,448.875173
6541,475.411484
6542,478.658889
6543,462.654137
6544,424.051523
6545,557.997484
6546,537.87779
6547,1297.435032
6548,568.865757
6549,1334.803234
6550,615.79925
6551,332.001342
6552,350.417607
6553,370.153003
6554,389.361265
6555,406.205274
6556,429.3978
6557,1146.313344
6558,828.069142
6559,1270.352419
6560,437.483292
6561,505.027584
6562,489.554841
6563,532.993735
6564,568.934452
6565,585.039421
6566,596.698704
6567,585.687715
6568,546.03023
6569,1309.351783
6570,534.600537
6571,1261.152497
6572,513.683387
6573,573.584308
6574,541.656913
6575,353.507242
6576,357.231407
6577,350.447149
6578,345.020845
6579,341.035995
6580,1078.122667
6581,380.018051
6582,1483.308362
6583,1202.211613
6584,409.03669
6585,507.448108
6586,484.905163
6587,526.191223
6588,551.061833
6589,560.13236
6590,558.312233
6591,542.435836
6592,543.498546
6593,635.311032
6594,1357.606784
6595,721.898188
6596,1425.349232
6597,681.044346
6598,561.412497
6599,334.910525
6600,311.052953
6601,323.018992
6602,309.446452
6603,293.995829
6604,986.32739
6605,424.555016
6606,1423.370006
6607,520.908311
6608,1145.141571
6609,494.110979
6610,470.205276
6611,512.216254
6612,545.208176
6613,557.757569
6614,554.353035
6615,533.493157
6616,533.788101
6617,650.78823
6618,1377.857496
6619,727.858953
6620,739.876192
6621,1404.285996
6622,564.952087
6623,348.396456
6624,335.266818
6625,317.026114
6626,300.349354
6627,300.66962
6628,307.840964
6629,1045.240262
6630,672.457934
6631,1203.570415
6632,616.293349
6633,816.594436
6634,304.208003
6635,329.258084
6636,348.843072
6637,339.198127
6638,317.172643
6639,274.640398
6640,415.784451
6641,446.913512
6642,534.664469
6643,1361.949002
6644,671.66881
6645,672.567073
6646,581.839284
6647,379.126547
6648,370.068083
6649,375.590201
6650,376.416292
6651,370.766622
6652,1090.240613
6653,384.119472
6654,1593.160991
6655,1273.787261
6656,414.640676
6657,412.259
6658,316.869741
6659,306.44912
6660,317.686418
6661,312.152444
6662,316.418906
6663,323.488605
6664,736.493015
6665,715.019087
6666,1067.500588
6667,718.000155
6668,1482.351874
6669,736.176199
6670,658.88196
6671,451.735599
6672,446.974087
6673,449.41177
6674,447.614015
6675,446.285816
6676,1175.139009
6677,508.666144
6678,1940.614771
6679,614.518316
6680,1153.72565
6681,402.37104
6682,299.90945
6683,285.936046
6684,276.636473
6685,268.535542
6686,262.855721
6687,268.569486
6688,562.019833
6689,540.990008
6690,1387.761032
6691,790.209707
6692,822.809952
6693,1444.458155
6694,651.000347
6695,452.936047
6696,441.645364
6697,439.800362
6698,438.862773
6699,447.276248
6700,468.237983
6701,1215.938328
6702,1855.719122
6703,559.567033
6704,1173.556216
6705,379.887704
6706,273.666732
6707,243.217462
6708,256.319579
6709,264.140082
6710,264.516089
6711,255.392284
6712,348.458036
6713,422.756826
6714,508.370331
6715,1315.165565
6716,627.034898
6717,670.602561
6718,1384.040053
6719,388.372775
6720,384.496336
6721,390.979987
6722,398.136859
6723,406.876485
6724,447.849552
6725,1189.051128
6726,945.219461
6727,1270.95791
6728,425.953952
6729,372.502441
6730,322.495289
6731,352.511991
6732,380.046326
6733,371.262085
6734,362.896182
6735,362.692791
6736,427.876502
6737,1122.363075
6738,396.566253
6739,874.428948
6740,850.069156
6741,597.455584
6742,544.211688
6743,330.820342
6744,324.03139
6745,320.971282
6746,332.753796
6747,347.955473
6748,1074.655693
6749,375.454034
6750,1108.940585
6751,1245.984261
6752,427.553761
6753,443.60175
6754,403.871808
6755,446.347923
6756,484.862054
6757,497.706307
6758,494.493156
6759,467.054402
6760,433.788603
6761,498.329059
6762,1177.502685
6763,516.840687
6764,1216.952033
6765,564.271508
6766,515.102419
6767,299.075323
6768,288.675917
6769,284.164365
6770,290.8882
6771,294.72043
6772,305.891877
6773,1014.206844
6774,1370.314718
6775,475.150467
6776,1019.031508
6777,306.073844
6778,225.955338
6779,227.856576
6780,239.158613
6781,268.203298
6782,293.994338
6783,303.016679
6784,345.94719
6785,485.647289
6786,553.376301
6787,1388.095957
6788,730.391086
6789,1406.091304
6790,597.636291
6791,314.559915
6792,314.337191
6793,326.749185
6794,334.410081
6795,332.361486
6796,341.873167
6797,1064.518952
6798,769.746966
6799,1229.978986
6800,341.049715
6801,331.238234
6802,246.272973
6803,229.979922
6804,220.241961
6805,218.897611
6806,217.130158
6807,230.598613
6808,467.286497
6809,1111.009908
6810,490.105162
6811,1321.136913
6812,639.620177
6813,608.152726
6814,485.449675
6815,278.132404
6816,290.609394
6817,299.739455
6818,299.147892
6819,298.261453
6820,1019.512351
6821,334.077811
6822,1485.143574
6823,1227.558734
6824,342.397299
6825,331.181066
6826,219.944626
6827,212.561548
6828,217.378662
6829,215.90885
6830,215.348783
6831,215.883063
6832,411.436313
6833,383.004381
6834,1194.324952
6835,611.626621
6836,1335.997779
6837,617.326653
6838,515.778583
6839,307.911282
6840,319.668758
6841,327.307352
6842,340.10474
6843,332.298622
6844,965.728321
6845,358.517462
6846,1327.513347
6847,538.11881
6848,1114.961544
6849,402.003727
6850,342.211623
6851,360.098068
6852,379.018048
6853,390.200914
6854,391.496159
6855,378.701667
6856,376.642032
6857,420.529402
6858,1190.056617
6859,592.876097
6860,641.099964
6861,1319.607035
6862,513.474051
6863,328.914682
6864,328.237063
6865,325.962527
6866,338.979934
6867,343.6181
6868,352.391796
6869,1059.079737
6870,702.735802
6871,1180.607891
6872,662.52804
6873,777.913004
6874,220.287712
6875,215.506125
6876,218.956975
6877,226.795723
6878,223.742423
6879,228.754503
6880,449.918108
6881,454.405517
6882,531.636157
6883,1341.695067
6884,654.847769
6885,721.762576
6886,715.861223
6887,401.697679
6888,398.298346
6889,398.209332
6890,404.6727
6891,416.785577
6892,1140.60693
6893,459.910794
6894,1668.59878
6895,1299.322112
6896,485.248151
6897,438.356069
6898,358.734916
6899,368.693595
6900,387.177703
6901,405.574669
6902,411.467477
6903,425.399186
6904,848.972318
6905,733.245219
6906,1003.384281
6907,578.628613
6908,1291.81103
6909,643.914025
6910,620.513813
6911,434.101109
6912,424.081407
6913,419.696785
6914,409.357982
6915,403.152303
6916,1123.396131
6917,424.50665
6918,1721.532806
6919,578.738298
6920,1156.215921
6921,428.161639
6922,346.657704
6923,333.411387
6924,327.478883
6925,318.655665
6926,312.928418
6927,310.774429
6928,718.279106
6929,508.43389
6930,1302.414592
6931,744.520243
6932,798.045332
6933,1459.02337
6934,670.432396
6935,475.145584
6936,468.767857
6937,476.681163
6938,481.429396
6939,477.95113
6940,496.584147
6941,1274.975551
6942,2062.341047
6943,670.327548
6944,1204.9369
6945,452.779488
6946,350.875143
6947,325.556463
6948,309.565221
6949,302.305957
6950,295.820176
6951,275.409316
6952,611.637547
6953,506.58707
6954,633.285883
6955,1462.5788
6956,747.682904
6957,692.633522
6958,1317.534988
6959,431.8914
6960,430.194198
6961,427.668913
6962,437.141624
6963,440.752163
6964,447.06809
6965,1197.517677
6966,1120.134038
6967,1286.720504
6968,385.090423
6969,328.775429
6970,237.837542
6971,251.706465
6972,267.847884
6973,271.315055
6974,257.60424
6975,239.965139
6976,361.135831
6977,1111.745746
6978,527.827358
6979,1036.923049
6980,1011.30508
6981,653.295056
6982,555.245691
6983,359.834548
6984,356.440133
6985,351.056889
6986,347.744218
6987,345.504351
6988,1078.20359
6989,383.469975
6990,1653.438812
6991,1254.299351
6992,364.027947
6993,335.742902
6994,237.344916
6995,246.499832
6996,240.793264
6997,248.551794
6998,246.642969
6999,229.06212
7000,458.054731
7001,454.100688
7002,1281.984878
7003,747.35752
7004,1473.668165
7005,716.772889
7006,630.287293
7007,428.404622
7008,415.181525
7009,418.494199
7010,431.078566
7011,433.391179
7012,440.179079
7013,1184.705622
7014,1770.707401
7015,531.313416
7016,1045.386073
7017,328.193834
7018,291.25794
7019,326.814032
7020,363.474247
7021,379.288298
7022,382.634476
7023,365.409962
7024,337.890851
7025,457.415642
7026,522.057349
7027,1331.532342
7028,638.693125
7029,1321.487691
7030,501.572279
7031,295.340058
7032,293.966848
7033,281.325962
7034,282.923422
7035,277.135515
7036,281.651093
7037,989.184935
7038,474.191942
7039,1162.6489
7040,411.482008
7041,380.116179
7042,284.717968
7043,289.998062
7044,286.211866
7045,322.291248
7046,349.124775
7047,349.522155
7048,344.096221
7049,1207.323459
7050,488.977419
7051,1234.513168
7052,533.422041
7053,626.317267
7054,619.823013
7055,306.675762
7056,287.726299
7057,274.088887
7058,276.043808
7059,288.473093
7060,1036.986047
7061,351.717451
7062,1388.136093
7063,1239.346855
7064,444.575845
7065,480.030133
7066,454.733694
7067,497.670039
7068,495.366858
7069,472.736811
7070,456.649472
7071,452.386587
7072,428.064961
7073,503.506165
7074,1188.039555
7075,533.971307
7076,1247.594826
7077,614.63717
7078,562.635328
7079,350.936763
7080,348.302439
7081,345.133403
7082,344.457538
7083,363.638684
7084,990.712557
7085,386.662014
7086,1324.366679
7087,532.553176
7088,1115.764013
7089,423.240146
7090,374.659254
7091,424.784652
7092,458.494136
7093,472.662223
7094,431.600996
7095,403.618027
7096,391.285166
7097,505.649696
7098,1268.409146
7099,678.631807
7100,706.459302
7101,1400.925625
7102,594.221299
7103,352.507551
7104,327.473574
7105,322.960294
7106,294.467172
7107,280.729985
7108,290.114137
7109,1013.42917
7110,606.677653
7111,1293.261836
7112,732.259948
7113,915.696464
7114,448.187489
7115,476.473538
7116,467.597409
7117,279.119189
7118,292.392909
7119,301.822412
7120,626.110476
7121,484.344508
7122,584.262589
7123,1436.762369
7124,755.931143
7125,739.491667
7126,634.621819
7127,438.585418
7128,433.243145
7129,426.690707
7130,433.178575
7131,435.533423
7132,1154.82462
7133,470.021083
7134,1870.021083
7135,1326.688442
7136,461.553904
7137,444.320045
7138,362.034663
7139,350.783971
7140,345.189562
7141,341.210843
7142,334.709507
7143,326.693093
7144,733.660947
7145,736.660183
7146,1115.936879
7147,778.481639
7148,1521.708051
7149,728.947219
7150,635.533279
7151,444.268218
7152,442.231145
7153,449.905673
7154,454.150524
7155,452.4782
7156,1181.385862
7157,515.875483
7158,1977.257678
7159,659.524946
7160,1226.755319
7161,485.924071
7162,405.61876
7163,399.886741
7164,393.763351
7165,387.908198
7166,385.21952
7167,377.873914
7168,865.018112
7169,554.46245
7170,1350.479829
7171,751.645558
7172,770.505518
7173,1437.287184
7174,655.517773
7175,455.447247
7176,463.079501
7177,468.156649
7178,468.303714
7179,451.994758
7180,450.480846
7181,1215.784705
7182,1966.812954
7183,638.615652
7184,1202.743685
7185,474.512095
7186,371.909923
7187,360.092405
7188,360.477421
7189,356.571061
7190,350.720638
7191,341.462289
7192,862.443165
7193,574.105211
7194,678.062958
7195,1463.814724
7196,754.821961
7197,692.772476
7198,1330.476915
7199,496.079142
7200,511.056275
7201,506.30076
7202,517.641838
7203,528.080565
7204,534.961664
7205,1285.4242
7206,1329.50603
7207,1367.789969
7208,556.2685
7209,459.886652
7210,355.790628
7211,325.053828
7212,307.766516
7213,290.097478
7214,273.918631
7215,277.582744
7216,655.651111
7217,1200.986074
7218,543.362441
7219,1013.797517
7220,961.22215
7221,670.435503
7222,679.078277
7223,399.401985
7224,401.826469
7225,414.238316
7226,426.617429
7227,419.455865
7228,1135.07388
7229,448.820551
7230,1720.804311
7231,1317.642366
7232,495.639482
7233,444.691218
7234,331.287494
7235,342.537055
7236,360.751767
7237,372.418602
7238,375.201211
7239,370.261111
7240,472.961395
7241,447.813397
7242,1153.292534
7243,541.714741
7244,1290.31184
7245,644.328836
7246,604.763331
7247,396.342022
7248,411.852114
7249,409.539504
7250,401.348101
7251,400.439787
7252,418.446579
7253,1153.321239
7254,1705.115212
7255,545.390741
7256,1083.52588
7257,340.868714
7258,254.393776
7259,236.305751
7260,227.114895
7261,240.853796
7262,244.408908
7263,233.839689
7264,444.093985
7265,433.836106
7266,531.059167
7267,1371.907475
7268,697.093411
7269,1400.665265
7270,594.764304
7271,381.630823
7272,368.258267
7273,371.688103
7274,383.611025
7275,386.395222
7276,393.145412
7277,1127.223978
7278,943.285097
7279,1245.919581
7280,337.332642
7281,315.483766
7282,268.02987
7283,287.22244
7284,310.012566
7285,304.449562
7286,285.888466
7287,264.524187
7288,366.40194
7289,1101.841195
7290,497.52978
7291,1336.809391
7292,629.377546
7293,597.634477
7294,504.217625
7295,307.432867
7296,307.491808
7297,312.339044
7298,318.977729
7299,325.585309
7300,1049.866441
7301,361.819516
7302,1543.1392
7303,1244.485624
7304,369.433179
7305,350.058412
7306,244.998501
7307,220.328464
7308,221.22935
7309,265.047468
7310,298.830886
7311,272.609542
7312,384.283592
7313,380.232793
7314,1168.566344
7315,584.988398
7316,1330.908679
7317,600.135619
7318,487.791934
7319,277.395606
7320,288.071102
7321,296.884002
7322,312.505268
7323,322.194599
7324,982.566383
7325,418.493443
7326,1574.021367
7327,544.493045
7328,1087.284397
7329,374.139303
7330,294.470107
7331,302.130505
7332,295.610252
7333,299.158998
7334,304.702247
7335,304.902788
7336,686.301858
7337,478.794112
7338,1275.804104
7339,694.892781
7340,726.075313
7341,1410.448152
7342,609.606419
7343,408.078609
7344,398.850003
7345,406.256481
7346,419.980091
7347,423.197706
7348,429.552954
7349,1151.000309
7350,1007.999105
7351,1294.96922
7352,708.244796
7353,862.764518
7354,347.51884
7355,345.594496
7356,343.90846
7357,336.272657
7358,325.387411
7359,318.008553
7360,694.131677
7361,486.575141
7362,578.31436
7363,1421.06442
7364,738.219061
7365,689.444731
7366,580.676207
7367,376.341771
7368,365.450986
7369,365.138507
7370,363.957862
7371,363.227238
7372,1083.548597
7373,372.828912
7374,1531.760611
7375,1229.397381
7376,466.785225
7377,403.223792
7378,317.133091
7379,304.011577
7380,298.62371
7381,295.815313
7382,296.361801
7383,294.177885
7384,664.084246
7385,695.724856
7386,1012.995123
7387,611.331756
7388,1344.82348
7389,710.831501
7390,736.116711
7391,456.931357
7392,438.842401
7393,452.545099
7394,460.75511
7395,463.090916
7396,1175.689932
7397,523.218623
7398,1953.253166
7399,685.078896
7400,1322.113657
7401,552.161977
7402,443.504414
7403,410.184602
7404,397.972277
7405,386.434129
7406,373.466845
7407,380.047466
7408,769.429088
7409,520.289735
7410,1236.526461
7411,606.883619
7412,610.51393
7413,1358.860987
7414,606.821329
7415,402.348188
7416,400.021085
7417,398.234842
7418,397.196058
7419,417.637074
7420,434.602629
7421,1166.755296
7422,1771.655994
7423,580.616462
7424,1122.829348
7425,360.363215
7426,250.349758
7427,259.040508
7428,275.593405
7429,289.183561
7430,289.48744
7431,271.206832
7432,437.425182
7433,471.569197
7434,584.451029
7435,1426.870734
7436,751.289572
7437,725.171643
7438,1309.712455
7439,395.06401
7440,392.866449
7441,381.5642
7442,372.535625
7443,381.829856
7444,395.163531
7445,1141.581115
7446,1020.730506
7447,1294.938102
7448,386.612498
7449,343.362854
7450,257.05525
7451,282.589634
7452,292.514546
7453,281.385026
7454,264.170117
7455,246.152105
7456,536.131306
7457,1236.628927
7458,671.397001
7459,1129.259052
7460,1136.864132
7461,759.60596
7462,658.677221
7463,454.626002
7464,452.697971
7465,464.250539
7466,484.307697
7467,485.326309
7468,1188.164499
7469,533.701773
7470,1992.715828
7471,1373.318525
7472,498.194639
7473,454.057584
7474,375.039988
7475,369.944046
7476,358.678523
7477,351.889073
7478,345.869841
7479,348.260539
7480,757.787463
7481,538.739025
7482,1373.030915
7483,790.242824
7484,1515.968606
7485,738.233812
7486,668.398379
7487,474.367117
7488,476.309407
7489,481.155778
7490,477.24636
7491,477.000138
7492,483.817144
7493,1269.111144
7494,2108.395719
7495,673.601244
7496,1219.541355
7497,442.84207
7498,330.173119
7499,314.715433
7500,302.591194
7501,280.158705
7502,278.03596
7503,289.026765
7504,666.346457
7505,507.923269
7506,593.819316
7507,1438.01848
7508,739.486521
7509,1404.512648
7510,600.764858
7511,393.483776
7512,386.871264
7513,384.549659
7514,383.2032
7515,392.8961
7516,426.472638
7517,1183.202763
7518,1040.334753
7519,1277.077745
7520,377.51056
7521,337.789192
7522,224.739776
7523,237.369512
7524,251.979912
7525,257.049537
7526,244.016413
7527,227.067343
7528,400.474213
7529,1103.649743
7530,493.141663
7531,1335.75204
7532,664.399956
7533,655.417778
7534,562.992278
7535,373.170819
7536,362.458952
7537,355.852828
7538,341.797304
7539,344.491278
7540,1072.228601
7541,383.153441
7542,1145.003355
7543,1335.71382
7544,532.500212
7545,504.482873
7546,425.117353
7547,422.856792
7548,432.541837
7549,436.986649
7550,434.798009
7551,434.408903
7552,442.466815
7553,542.199276
7554,1233.675549
7555,582.632285
7556,1296.088865
7557,660.823093
7558,630.643352
7559,443.594049
7560,442.769627
7561,450.699007
7562,454.038618
7563,461.532155
7564,1122.509726
7565,568.237845
7566,1932.5804
7567,680.180999
7568,1343.298886
7569,593.281558
7570,485.726595
7571,458.513952
7572,455.048684
7573,453.237039
7574,447.977289
7575,452.335587
7576,938.575289
7577,563.91538
7578,1270.421824
7579,638.947163
7580,649.167053
7581,1394.366107
7582,662.811614
7583,460.115303
7584,465.840468
7585,472.414987
7586,482.032507
7587,483.768862
7588,487.731769
7589,502.965018
7590,1276.202246
7591,1309.937804
7592,1411.169519
7593,843.310836
7594,893.38246
7595,399.718776
7596,377.641304
7597,352.360207
7598,336.724155
7599,335.997951
7600,373.668539
7601,886.295623
7602,566.752065
7603,665.863995
7604,1511.454572
7605,814.144658
7606,683.612685
7607,600.077873
7608,469.131813
7609,475.299801
7610,477.21865
7611,482.27138
7612,499.252235
7613,1228.229743
7614,567.988747
7615,2078.647064
7616,1417.44214
7617,546.003029
7618,492.714778
7619,373.280149
7620,330.038956
7621,298.927931
7622,294.076381
7623,302.861178
7624,326.378159
7625,866.663241
7626,780.910271
7627,1134.553139
7628,796.958983
7629,1528.369253
7630,765.980562
7631,661.535804
7632,464.733971
7633,473.664912
7634,468.68128
7635,468.96344
7636,471.725346
7637,1195.507844
7638,543.946386
7639,1944.586023
7640,590.855737
7641,1144.533458
7642,378.822566
7643,271.274455
7644,248.485781
7645,235.06722
7646,231.757516
7647,238.706707
7648,254.887891
7649,605.607166
7650,453.217523
7651,1234.902623
7652,635.010096
7653,657.112883
7654,1346.657928
7655,549.529356
7656,349.94497
7657,355.328347
7658,359.996228
7659,358.91797
7660,347.8928
7661,349.471681
7662,1078.674856
7663,1541.958562
7664,495.204014
7665,1050.678617
7666,312.817005
7667,215.622773
7668,198.592801
7669,199.261674
7670,199.758551
7671,198.395939
7672,215.068022
7673,448.962604
7674,398.111636
7675,485.812152
7676,1320.89194
7677,635.627467
7678,624.972851
7679,1223.540944
7680,317.306602
7681,325.262003
7682,329.226427
7683,327.056061
7684,313.889344
7685,299.909042
7686,1016.195623
7687,675.521623
7688,1161.380355
7689,301.939116
7690,311.928428
7691,239.988341
7692,296.223275
7693,363.729115
7694,375.274251
7695,339.275806
7696,276.52711
7697,335.936485
7698,1112.40106
7699,473.977469
7700,1003.55191
7701,951.18135
7702,606.266838
7703,491.983933
7704,277.282039
7705,270.45793
7706,267.996307
7707,283.554318
7708,293.085733
7709,1048.298469
7710,333.201681
7711,1343.162806
7712,1131.298516
7713,346.615157
7714,328.577624
7715,251.255479
7716,242.631715
7717,236.509383
7718,234.176654
7719,216.072584
7720,203.899791
7721,403.651542
7722,397.134616
7723,1154.043238
7724,511.025433
7725,1229.580092
7726,600.60142
7727,600.75238
7728,301.379546
7729,295.373558
7730,310.27124
7731,318.139478
7732,316.098057
7733,324.880247
7734,1041.413137
7735,1356.603325
7736,542.941765
7737,1167.206006
7738,419.319433
7739,339.068554
7740,346.054741
7741,329.509477
7742,335.026236
7743,343.235466
7744,343.009562
7745,610.75912
7746,426.970532
7747,413.534062
7748,1195.173406
7749,490.423568
7750,1278.28667
7751,523.616315
7752,322.859899
7753,317.711021
7754,315.748389
7755,314.463052
7756,313.490268
7757,322.411549
7758,1047.763293
7759,747.800069
7760,1215.73305
7761,359.888635
7762,363.144028
7763,280.709362
7764,285.07501
7765,289.078102
7766,287.430747
7767,297.766054
7768,303.368809
7769,652.472872
7770,1177.605531
7771,583.551944
7772,1435.397998
7773,753.184495
7774,708.807219
7775,597.782968
7776,402.391865
7777,388.830577
7778,390.607841
7779,394.949381
7780,393.389562
7781,1113.528172
7782,425.421287
7783,1735.395603
7784,1301.166423
7785,449.79067
7786,424.068494
7787,341.061793
7788,343.821446
7789,337.055998
7790,347.070002
7791,348.866408
7792,353.102579
7793,791.844826
7794,526.209104
7795,1322.266288
7796,725.980205
7797,1468.570104
7798,713.814286
7799,617.353841
7800,416.812301
7801,411.208811
7802,409.466689
7803,408.541174
7804,407.396885
7805,1084.789983
7806,513.247327
7807,1828.439717
7808,603.530198
7809,1174.911443
7810,449.909187
7811,360.533454
7812,343.41525
7813,326.26627
7814,312.974662
7815,323.769084
7816,346.472364
7817,726.959131
7818,478.812401
7819,1290.62327
7820,702.024885
7821,718.199848
7822,1393.527415
7823,585.703277
7824,376.609438
7825,368.986711
7826,366.342641
7827,364.89965
7828,363.834033
7829,370.739121
7830,1097.421658
7831,403.197936
7832,1295.029064
7833,762.650823
7834,889.066786
7835,374.309529
7836,354.708126
7837,351.887134
7838,360.51239
7839,374.545202
7840,388.833187
7841,391.422057
7842,482.837543
7843,471.297789
7844,1251.511035
7845,540.787979
7846,620.438957
7847,578.208932
7848,379.359901
7849,383.756253
7850,387.058888
7851,395.69095
7852,410.137048
7853,1143.271458
7854,457.320171
7855,1848.765375
7856,1345.194078
7857,475.830178
7858,443.686442
7859,367.27702
7860,372.689745
7861,373.179434
7862,368.467727
7863,375.510789
7864,375.070594
7865,939.585319
7866,810.996018
7867,1156.660706
7868,781.824734
7869,1508.299556
7870,677.944728
7871,616.932909
7872,493.614578
7873,481.198154
7874,485.986752
7875,496.674001
7876,507.494416
7877,1245.265302
7878,590.044411
7879,2244.923172
7880,743.729532
7881,1371.804434
7882,590.086616
7883,520.741708
7884,496.389675
7885,490.601241
7886,474.347269
7887,474.349088
7888,476.244375
7889,1115.611802
7890,616.480474
7891,1356.29897
7892,707.072225
7893,713.155077
7894,1449.346877
7895,745.290812
7896,464.56932
7897,447.087458
7898,443.273507
7899,440.735548
7900,438.294053
7901,441.656012
7902,1186.71718
7903,1752.435674
7904,628.798976
7905,1258.448273
7906,497.595321
7907,411.107121
7908,387.848187
7909,385.554867
7910,389.290906
7911,388.573293
7912,397.091263
7913,780.338813
7914,476.656852
7915,461.152049
7916,1227.211989
7917,524.096635
7918,593.19114
7919,1256.78539
7920,360.234928
7921,355.640282
7922,354.466377
7923,353.51789
7924,361.570616
7925,375.612998
7926,1109.559729
7927,932.027388
7928,1269.868357
7929,418.600156
7930,401.496829
7931,318.782903
7932,315.614463
7933,317.549699
7934,305.472767
7935,313.927228
7936,341.784764
7937,822.995762
7938,1248.01226
7939,626.795094
7940,1125.884768
7941,1091.001012
7942,723.069249
7943,634.669182
7944,446.32256
7945,444.400264
7946,441.393606
7947,438.652766
7948,435.912532
7949,1153.385164
7950,484.292579
7951,1941.220675
7952,1379.709792
7953,527.86375
7954,513.522497
7955,441.007865
7956,433.358142
7957,426.946761
7958,419.703519
7959,406.780961
7960,413.847968
7961,972.789349
7962,585.468286
7963,1369.429237
7964,763.245835
7965,1487.718086
7966,735.821021
7967,658.908821
7968,458.482537
7969,449.410568
7970,446.71699
7971,445.368245
7972,433.811017
7973,435.215431
7974,1188.57601
7975,1870.673647
7976,642.430571
7977,1208.294392
7978,470.373754
7979,384.913503
7980,378.747288
7981,381.809787
7982,384.639148
7983,387.48452
7984,387.165269
7985,899.581578
7986,548.66248
7987,623.506653
7988,1452.161901
7989,760.57495
7990,1426.947181
7991,632.715415
7992,430.345563
7993,423.189814
7994,420.830855
7995,418.244982
7996,415.430693
7997,422.096087
7998,1177.565721
7999,1130.9642
8000,1334.716148
8001,471.114469
8002,474.373825
8003,409.191387
8004,403.885718
8005,386.768879
8006,373.159955
8007,363.959129
8008,363.656871
8009,839.09161
8010,1233.978068
8011,622.380879
8012,1470.623998
8013,772.768238
8014,720.116506
8015,621.459821
8016,410.136795
8017,393.78771
8018,381.980224
8019,370.313805
8020,370.264747
8021,1098.841745
8022,424.138947
8023,1740.878304
8024,1241.657921
8025,353.839955
8026,335.999008
8027,248.621181
8028,244.633389
8029,243.497397
8030,237.024345
8031,253.16237
8032,318.627459
8033,709.558831
8034,555.19054
8035,1406.800979
8036,820.714207
8037,1532.204545
8038,727.916645
8039,615.079034
8040,475.688252
8041,470.001672
8042,468.698394
8043,475.074563
8044,484.174596
8045,1150.04541
8046,587.619527
8047,1940.568632
8048,632.390232
8049,1241.417698
8050,393.434732
8051,258.758952
8052,224.326297
8053,228.434852
8054,232.461066
8055,219.394026
8056,209.713873
8057,452.861064
8058,382.994527
8059,1113.197128
8060,469.218723
8061,474.205362
8062,1267.687139
8063,552.369086
8064,263.251714
8065,260.816992
8066,262.349185
8067,264.043731
8068,265.796184
8069,267.859292
8070,1011.966305
8071,730.721971
8072,1329.995726
8073,809.132596
8074,950.701919
8075,393.601101
8076,390.7764
8077,405.626249
8078,407.942604
8079,415.439651
8080,479.288524
8081,1045.048546
8082,623.840562
8083,637.651737
8084,1408.005629
8085,665.541337
8086,642.551343
8087,625.527407
8088,521.480552
8089,524.687792
8090,523.596957
8091,529.891915
8092,541.638535
8093,1272.432194
8094,621.205142
8095,2157.22617
8096,1427.537331
8097,579.776101
8098,544.653556
8099,437.565083
8100,422.377793
8101,395.057628
8102,369.13072
8103,366.056404
8104,377.357414
8105,914.297287
8106,701.119123
8107,1097.480013
8108,768.140516
8109,1482.624414
8110,728.874301
8111,640.789586
8112,434.854621
8113,425.664034
8114,421.630046
8115,418.904428
8116,416.095439
8117,1128.061227
8118,434.596757
8119,1725.289426
8120,555.823097
8121,1110.428139
8122,396.309583
8123,337.813034
8124,350.069727
8125,375.434808
8126,394.743979
8127,412.40948
8128,428.899339
8129,1124.246625
8130,622.792143
8131,1442.138041
8132,863.348878
8133,899.98362
8134,1500.456873
8135,706.017569
8136,573.779765
8137,574.380261
8138,580.973035
8139,584.739925
8140,589.214307
8141,600.498706
8142,1366.779486
8143,2214.296335
8144,746.992572
8145,1325.11586
8146,565.562026
8147,494.600317
8148,479.17192
8149,473.176004
8150,473.793386
8151,489.447424
8152,510.688606
8153,1247.885688
8154,678.01624
8155,763.027411
8156,1580.605527
8157,901.69272
8158,842.049019
8159,1429.254804
8160,578.409619
8161,578.05258
8162,586.932944
8163,597.026473
8164,608.782677
8165,627.878323
8166,1441.799121
8167,1931.257217
8168,1619.202921
8169,738.863156
8170,693.565577
8171,583.509288
8172,554.934693
8173,527.700412
8174,528.174892
8175,524.101633
8176,558.758136
8177,1387.129375
8178,1440.689157
8179,804.345463
8180,1298.599209
8181,1274.91827
8182,870.951517
8183,787.42192
8184,640.028245
8185,624.730023
8186,617.395908
8187,608.547898
8188,602.378611
8189,1316.219104
8190,658.489068
8191,2256.237077
8192,1494.89054
8193,651.247252
8194,624.065929
8195,548.300443
8196,554.500487
8197,553.981802
8198,553.819992
8199,557.845444
8200,563.937795
8201,1289.984159
8202,669.651783
8203,1440.890204
8204,831.197197
8205,1542.003172
8206,800.034253
8207,703.802152
8208,587.304186
8209,617.127133
8210,655.783523
8211,695.947977
8212,733.824262
8213,753.646012
8214,1600.677986
8215,2919.17863
8216,977.842768
8217,1680.100743
8218,952.964779
8219,882.903339
8220,881.11208
8221,871.736079
8222,855.071605
8223,833.516422
8224,846.970121
8225,1976.892813
8226,936.069534
8227,946.728132
8228,1708.690555
8229,1000.505097
8230,1641.230045
8231,921.381209
8232,763.310755
8233,773.830654
8234,789.565588
8235,803.444439
8236,816.188562
8237,810.470967
8238,1623.90465
8239,2126.068546
8240,1718.016149
8241,966.273409
8242,944.488551
8243,875.157792
8244,857.112616
8245,844.56765
8246,818.990107
8247,794.273709
8248,787.071821
8249,1682.528881
8250,1527.166093
8251,781.383141
8252,1530.376608
8253,807.730475
8254,760.68732
8255,704.249688
8256,579.673379
8257,578.162865
8258,582.701088
8259,591.463526
8260,601.449609
8261,1321.059067
8262,697.284681
8263,2503.476966
8264,1566.053286
8265,767.792793
8266,774.354954
8267,711.398878
8268,693.270012
8269,685.855804
8270,670.330822
8271,661.032603
8272,662.842036
8273,1535.408999
8274,778.151694
8275,1550.430002
8276,924.293246
8277,1626.42439
8278,830.276991
8279,727.781586
8280,597.785708
8281,594.516464
8282,596.761237
8283,600.408454
8284,604.650076
8285,1256.975101
8286,739.227357
8287,2424.749725
8288,836.271539
8289,1441.40129
8290,698.133394
8291,612.928779
8292,592.678883
8293,576.583072
8294,568.558335
8295,569.558744
8296,587.809186
8297,1356.948133
8298,689.944637
8299,1437.936987
8300,810.282398
8301,829.135326
8302,1443.606274
8303,639.560309
8304,507.432201
8305,499.754304
8306,496.409706
8307,493.98335
8308,491.92879
8309,487.083838
8310,1245.190058
8311,1361.372922
8312,1406.764766
8313,845.952706
8314,1001.509523
8315,497.637809
8316,489.914953
8317,471.640554
8318,451.797233
8319,439.587142
8320,425.738935
8321,880.122356
8322,479.132647
8323,517.196931
8324,1350.301057
8325,644.953468
8326,618.065954
8327,517.995734
8328,311.330538
8329,304.663555
8330,302.457166
8331,301.691147
8332,300.109405
8333,1013.262849
8334,327.797241
8335,1600.261056
8336,1260.617721
8337,410.065848
8338,391.636902
8339,307.305007
8340,296.448515
8341,287.850447
8342,285.285828
8343,302.238186
8344,338.3747
8345,905.4555
8346,776.024265
8347,1136.636638
8348,765.267989
8349,1502.771881
8350,751.262118
8351,654.886979
8352,442.950905
8353,431.815759
8354,427.586434
8355,423.669502
8356,418.889065
8357,1133.624542
8358,460.986005
8359,1816.596569
8360,604.488982
8361,1166.092129
8362,431.56962
8363,347.297801
8364,336.457751
8365,332.284161
8366,382.023702
8367,360.569615
8368,362.360426
8369,887.002426
8370,544.289745
8371,1353.622739
8372,767.193897
8373,779.410434
8374,1432.262081
8375,630.592112
8376,482.18915
8377,475.292197
8378,479.70716
8379,483.34754
8380,491.492215
8381,514.952941
8382,1295.340591
8383,2175.872239
8384,687.028213
8385,1342.016011
8386,540.569163
8387,428.140008
8388,394.59986
8389,358.939947
8390,355.229089
8391,368.569957
8392,393.641323
8393,974.224928
8394,581.291577
8395,624.151569
8396,1405.532979
8397,709.124152
8398,699.88981
8399,1394.776645
8400,502.243184
8401,484.213625
8402,481.325973
8403,484.252832
8404,489.203317
8405,503.420612
8406,1277.504946
8407,1322.630816
8408,1408.432259
8409,674.682984
8410,619.722665
8411,503.383427
8412,470.558113
8413,447.099609
8414,440.923171
8415,451.1423
8416,464.543562
8417,1004.526887
8418,1269.164648
8419,557.050828
8420,1005.613024
8421,969.445563
8422,665.747532
8423,639.755575
8424,451.798093
8425,449.307759
8426,448.963498
8427,447.744022
8428,449.504234
8429,1169.780349
8430,508.484049
8431,1990.752898
8432,1393.360311
8433,543.084981
8434,522.77688
8435,440.271056
8436,434.065117
8437,431.332606
8438,430.326097
8439,430.384101
8440,433.304403
8441,1018.324801
8442,576.73731
8443,1365.589337
8444,773.700363
8445,1465.317389
8446,687.045156
8447,605.681024
8448,467.685302
8449,459.544387
8450,460.262011
8451,463.053786
8452,468.071495
8453,483.020602
8454,1256.90161
8455,2092.247153
8456,720.418239
8457,1295.781228
8458,566.478673
8459,507.842092
8460,501.441877
8461,501.701275
8462,501.033599
8463,501.338185
8464,511.579908
8465,1231.912085
8466,646.34352
8467,736.901605
8468,1564.385525
8469,872.474025
8470,1494.368911
8471,661.846213
8472,519.478365
8473,518.812933
8474,525.522307
8475,534.937099
8476,551.010709
8477,569.509784
8478,1371.812995
8479,1778.399692
8480,1569.145639
8481,725.09836
8482,718.737448
8483,644.636244
8484,620.60177
8485,602.383413
8486,589.705779
8487,583.979435
8488,583.801271
8489,1414.19404
8490,1446.415739
8491,817.770941
8492,1640.97519
8493,969.146149
8494,856.037526
8495,737.378117
8496,590.760362
8497,578.693819
8498,573.993302
8499,570.51544
8500,571.640183
8501,1291.224415
8502,645.491789
8503,2406.15536
8504,1557.576432
8505,712.497187
8506,698.410194
8507,648.491434
8508,645.586172
8509,614.992552
8510,587.270218
8511,574.631493
8512,579.858664
8513,1342.574549
8514,709.187174
8515,1470.288089
8516,846.617811
8517,1570.776088
8518,774.7902
8519,674.068541
8520,532.318136
8521,521.174383
8522,519.153605
8523,519.278892
8524,521.300782
8525,1181.168384
8526,656.062598
8527,2278.608974
8528,779.285949
8529,1365.920976
8530,670.708582
8531,619.626328
8532,615.691163
8533,618.801202
8534,614.310648
8535,618.708349
8536,611.880405
8537,1458.523121
8538,760.698462
8539,1528.709534
8540,913.110698
8541,942.685876
8542,1545.135726
8543,731.649709
8544,586.701911
8545,572.974479
8546,568.775698
8547,566.396903
8548,568.048835
8549,573.246696
8550,1343.881699
8551,1538.343125
8552,1469.089354
8553,970.736533
8554,1116.980659
8555,616.037946
8556,604.632788
8557,600.22159
8558,600.917151
8559,604.155041
8560,609.856755
8561,1377.500184
8562,683.682688
8563,684.690718
8564,1458.157063
8565,754.768691
8566,717.284269
8567,709.522852
8568,512.477845
8569,501.721438
8570,500.853349
8571,500.76518
8572,500.030931
8573,1208.656749
8574,541.2066
8575,2072.126912
8576,1466.754062
8577,691.82069
8578,678.496016
8579,618.55518
8580,617.236869
8581,617.752938
8582,614.139892
8583,614.802744
8584,617.729073
8585,1371.045941
8586,889.501139
8587,1135.077537
8588,692.504198
8589,1406.323212
8590,656.989603
8591,603.463569
8592,480.476066
8593,475.56607
8594,477.161804
8595,480.431106
8596,484.169882
8597,1197.857637
8598,501.953197
8599,1258.787583
8600,706.622163
8601,1379.592707
8602,622.313959
8603,562.78266
8604,557.040355
8605,571.459443
8606,567.885778
8607,561.810058
8608,573.838553
8609,573.024496
8610,661.021565
8611,1383.090855
8612,729.045762
8613,742.056544
8614,1466.968427
8615,728.571081
8616,616.177127
8617,615.94493
8618,616.2722
8619,614.623346
8620,611.297747
8621,597.957071
8622,1336.331583
8623,2328.878443
8624,770.452367
8625,1354.588918
8626,630.785419
8627,559.145262
8628,547.742432
8629,542.056628
8630,533.532398
8631,531.314644
8632,526.812316
8633,1183.759558
8634,596.269304
8635,651.878868
8636,1490.713039
8637,802.216552
8638,710.69541
8639,1292.139406
8640,460.464714
8641,462.805432
8642,475.33154
8643,495.438007
8644,514.120165
8645,530.989352
8646,1328.004301
8647,1727.300828
8648,1527.344468
8649,705.672501
8650,680.058671
8651,625.86047
8652,621.409367
8653,618.215694
8654,599.187094
8655,594.306366
8656,595.382473
8657,1480.664757
8658,1469.393909
8659,842.527018
8660,1313.721606
8661,1267.23599
8662,823.668243
8663,711.306449
8664,570.068252
8665,558.322404
8666,556.294135
8667,559.28912
8668,570.282197
8669,1293.062288
8670,648.240359
8671,2405.002796
8672,1549.543422
8673,733.155173
8674,696.443665
8675,598.105418
8676,562.104388
8677,557.093725
8678,552.122989
8679,571.06868
8680,595.705462
8681,1344.63064
8682,727.339368
8683,1487.790563
8684,898.198335
8685,1645.778003
8686,847.848234
8687,770.52996
8688,632.728745
8689,622.345196
8690,621.78037
8691,625.732338
8692,634.415188
8693,645.29392
8694,1448.541404
8695,2578.863524
8696,874.115697
8697,1456.120153
8698,717.002312
8699,628.355453
8700,594.579129
8701,578.689013
8702,561.92595
8703,547.415368
8704,558.903276
8705,1333.775797
8706,708.892842
8707,745.656
8708,1555.275495
8709,865.012509
8710,1490.99525
8711,695.722711
8712,557.028682
8713,547.395635
8714,549.3838
8715,555.535062
8716,562.131223
8717,567.442776
8718,1335.142049
8719,1453.483527
8720,1458.39689
8721,704.680206
8722,636.698643
8723,539.16302
8724,531.82916
8725,504.920811
8726,488.166264
8727,473.852861
8728,470.338796
8729,1045.974572
8730,1286.777838
8731,579.579529
8732,1369.564487
8733,679.757639
8734,708.875715
8735,713.998127
8736,444.537882
8737,431.382499
8738,429.778591
8739,429.763681
8740,427.399741
8741,1146.99868
8742,471.075587
8743,1842.928201
8744,1390.729617
8745,619.394555
8746,580.963095
8747,499.073914
8748,490.763693
8749,485.923943
8750,483.227493
8751,485.875476
8752,487.477021
8753,1068.964997
8754,585.078591
8755,1282.668485
8756,638.494211
8757,1362.421926
8758,676.009208
8759,631.257343
