hours,kW
0,22.667108
1,22.628543
2,22.630067
3,22.63301
4,22.631317
5,22.644398
6,23.933044
7,28.310189
8,41.369598
9,34.785282
10,34.617371
11,28.735745
12,28.742774
13,28.778309
14,28.776194
15,28.763672
16,28.902561
17,28.900247
18,39.728042
19,36.797636
20,42.411135
21,42.421137
22,43.792901
23,38.120496
24,22.769173
25,22.754836
26,22.749896
27,22.74503
28,22.795478
29,22.823175
30,26.235339
31,39.929517
32,41.717794
33,27.959932
34,27.821438
35,21.97955
36,21.952085
37,22.029278
38,22.021776
39,22.044021
40,22.139232
41,21.971339
42,40.002681
43,44.245181
44,53.410283
45,53.480661
46,47.66235
47,38.337867
48,23.085927
49,23.009731
50,22.967263
51,22.926792
52,22.938684
53,22.941152
54,26.341591
55,40.104927
56,41.838214
57,28.019713
58,27.854353
59,21.948975
60,21.832614
61,21.865712
62,21.85631
63,21.847912
64,21.979003
65,21.894468
66,39.764748
67,43.936123
68,53.084991
69,53.107946
70,47.262258
71,37.922451
72,22.709502
73,22.676514
74,22.675901
75,22.674786
76,22.734044
77,22.759251
78,26.186663
79,39.967858
80,41.676794
81,27.864531
82,27.746063
83,21.861594
84,21.755749
85,21.795794
86,21.796057
87,21.796808
88,21.946762
89,21.893871
90,39.573144
91,43.853856
92,53.027065
93,53.046006
94,47.133359
95,37.725954
96,22.608517
97,22.59074
98,22.576529
99,22.564158
100,22.617366
101,22.626833
102,26.045199
103,39.929006
104,41.525509
105,27.865195
106,27.767424
107,21.912739
108,21.808481
109,21.844168
110,21.842493
111,21.848046
112,22.005053
113,22.031494
114,39.538873
115,43.710024
116,52.859866
117,52.918476
118,46.951232
119,37.658211
120,22.609833
121,22.614393
122,22.622092
123,22.626442
124,22.688103
125,22.685377
126,26.102787
127,39.960832
128,41.456828
129,27.943893
130,27.843514
131,21.975136
132,21.863472
133,21.895264
134,21.891541
135,21.891667
136,22.04714
137,22.102091
138,39.551486
139,43.714763
140,52.861691
141,52.889313
142,46.96437
143,37.655705
144,22.664042
145,22.665394
146,22.668217
147,22.670428
148,22.671869
149,22.666694
150,23.946735
151,30.285943
152,37.669248
153,31.196956
154,27.570255
155,21.707357
156,21.714507
157,21.720499
158,21.711231
159,21.685787
160,21.830954
161,22.007314
162,39.593563
163,40.215974
164,45.791758
165,45.798278
166,47.114164
167,44.994648
168,22.670208
169,22.658763
170,22.653553
171,22.648796
172,22.644595
173,22.657722
174,23.943514
175,28.445342
176,41.30249
177,34.760159
178,34.653993
179,28.841485
180,28.883077
181,28.882603
182,28.845693
183,28.829
184,28.941673
185,29.051716
186,39.66598
187,36.698489
188,42.27093
189,42.277075
190,43.594478
191,37.9126
192,22.650164
193,22.633184
194,22.627823
195,22.620673
196,22.678967
197,22.695651
198,26.107408
199,39.88198
200,41.551447
201,27.947763
202,27.813584
203,21.920978
204,21.876828
205,21.904926
206,21.862335
207,21.862195
208,21.995039
209,22.000894
210,39.626259
211,43.780601
212,52.878688
213,52.915976
214,47.046171
215,37.717014
216,22.625607
217,22.611469
218,22.601544
219,22.591936
220,22.651669
221,22.665568
222,26.083205
223,39.9328
224,41.490338
225,27.89262
226,27.797489
227,21.926694
228,21.818509
229,21.85712
230,21.857503
231,21.854954
232,22.00506
233,21.990862
234,39.527469
235,43.696465
236,52.840917
237,52.899458
238,46.961707
239,37.636625
240,22.561635
241,22.554711
242,22.554555
243,22.5565
244,22.621582
245,22.626985
246,26.035798
247,39.79747
248,41.435007
249,27.876217
250,27.779444
251,21.891089
252,21.776934
253,21.811198
254,21.807476
255,21.806108
256,21.957022
257,21.884501
258,39.495199
259,43.705179
260,52.931454
261,53.015699
262,47.07152
263,37.719054
264,22.561283
265,22.550014
266,22.542731
267,22.540793
268,22.603414
269,22.617499
270,26.04014
271,39.874924
272,41.553477
273,27.850156
274,27.755967
275,21.876665
276,21.770413
277,21.810334
278,21.810033
279,21.808442
280,21.958158
281,21.913256
282,39.536216
283,43.786008
284,52.979365
285,53.03105
286,47.074503
287,37.68378
288,22.593556
289,22.583696
290,22.577776
291,22.571992
292,22.633646
293,22.6477
294,26.054672
295,39.928207
296,41.595546
297,27.93742
298,27.842117
299,21.964966
300,21.807517
301,21.828862
302,21.83565
303,21.844374
304,21.971825
305,21.916257
306,39.622141
307,43.833384
308,53.001511
309,53.045276
310,47.12004
311,37.760659
312,22.694448
313,22.674945
314,22.668564
315,22.667482
316,22.668624
317,22.684177
318,23.948433
319,30.250297
320,37.79298
321,31.285874
322,27.64959
323,21.780755
324,21.760484
325,21.737392
326,21.688038
327,21.673536
328,21.812542
329,21.896109
330,39.652699
331,40.279649
332,45.872558
333,45.880726
334,47.16878
335,45.045385
336,22.673877
337,22.661003
338,22.657802
339,22.651545
340,22.647234
341,22.663033
342,23.947366
343,28.511777
344,41.390443
345,34.86487
346,34.74947
347,28.902607
348,28.896804
349,28.892973
350,28.889379
351,28.868874
352,28.984484
353,29.100058
354,39.681728
355,36.727085
356,42.311472
357,42.318467
358,43.631334
359,37.943406
360,22.728946
361,22.711809
362,22.701732
363,22.69585
364,22.693228
365,22.708512
366,23.995145
367,28.360063
368,41.435189
369,34.832146
370,34.693633
371,28.881847
372,28.903548
373,28.897728
374,28.876499
375,28.854025
376,28.966676
377,28.944617
378,39.702879
379,36.777568
380,42.38726
381,42.391099
382,43.676321
383,37.981014
384,22.699713
385,22.682326
386,22.675372
387,22.669444
388,22.726646
389,22.74686
390,26.167765
391,39.971645
392,41.655036
393,27.883848
394,27.764767
395,21.884382
396,21.777913
397,21.815007
398,21.813031
399,21.809985
400,21.95825
401,21.893673
402,39.596751
403,43.864783
404,53.044746
405,53.08458
406,47.200173
407,37.792951
408,22.615946
409,22.602113
410,22.592497
411,22.583629
412,22.640296
413,22.625934
414,26.037185
415,39.938663
416,41.551339
417,27.867459
418,27.779583
419,21.942615
420,21.838695
421,21.85131
422,21.855784
423,21.860843
424,22.015503
425,22.055577
426,39.561616
427,43.740239
428,52.900043
429,52.964438
430,46.999379
431,37.671569
432,22.595269
433,22.596333
434,22.60005
435,22.605103
436,22.669264
437,22.668282
438,26.07739
439,39.922376
440,41.464851
441,27.923773
442,27.829641
443,21.968614
444,21.871423
445,21.915486
446,21.906851
447,21.884375
448,22.029501
449,22.081373
450,39.601727
451,43.777227
452,52.899217
453,52.906698
454,47.016661
455,37.693774
456,22.611732
457,22.608037
458,22.607568
459,22.607309
460,22.667374
461,22.672985
462,26.087549
463,39.913886
464,41.518684
465,27.910682
466,27.81465
467,21.945224
468,21.856688
469,21.902027
470,21.890271
471,21.859392
472,22.009789
473,22.018669
474,39.617699
475,43.782155
476,52.884238
477,52.887056
478,47.037483
479,37.711137
480,22.681066
481,22.670941
482,22.666098
483,22.664291
484,22.660601
485,22.672634
486,23.944712
487,30.242128
488,37.698639
489,31.171316
490,27.539264
491,21.710324
492,21.750534
493,21.759809
494,21.74948
495,21.717697
496,21.824539
497,21.909855
498,39.651419
499,40.225442
500,45.810583
501,45.822628
502,47.206335
503,45.098781
504,22.707479
505,22.687659
506,22.666269
507,22.642623
508,22.626716
509,22.628441
510,23.916911
511,28.539844
512,41.337455
513,34.825216
514,34.7095
515,28.87077
516,28.896289
517,28.904075
518,28.890361
519,28.854114
520,28.949534
521,29.173491
522,39.642988
523,36.681145
524,42.260413
525,42.254843
526,43.562718
527,37.878771
528,22.623442
529,22.620664
530,22.619749
531,22.617284
532,22.676153
533,22.676897
534,26.088178
535,39.900892
536,41.483227
537,27.902028
538,27.801968
539,21.932849
540,21.822255
541,21.853274
542,21.847971
543,21.843551
544,21.989726
545,21.928796
546,39.541222
547,43.721102
548,52.859047
549,52.894936
550,47.047208
551,37.681618
552,22.585943
553,22.571059
554,22.560712
555,22.553244
556,22.61203
557,22.615172
558,26.033109
559,39.836904
560,41.453022
561,27.888142
562,27.797414
563,21.927155
564,21.819141
565,21.853457
566,21.851106
567,21.850102
568,22.001972
569,22.006117
570,39.53287
571,43.711047
572,52.860088
573,52.880466
574,46.975064
575,37.650385
576,22.578073
577,22.574257
578,22.577232
579,22.579532
580,22.643877
581,22.646897
582,26.052264
583,39.832732
584,41.430638
585,27.898759
586,27.81062
587,21.948745
588,21.844941
589,21.885929
590,21.887663
591,21.885336
592,22.033222
593,22.062002
594,39.529904
595,43.611128
596,52.748285
597,52.782773
598,46.89703
599,37.641798
600,22.586879
601,22.5858
602,22.585051
603,22.584322
604,22.646352
605,22.642566
606,26.045498
607,39.750293
608,41.395244
609,27.892571
610,27.803092
611,21.933614
612,21.829774
613,21.869826
614,21.864271
615,21.863323
616,22.012214
617,22.00865
618,39.515227
619,43.650851
620,52.810588
621,52.854119
622,46.93633
623,37.628412
624,22.569711
625,22.566881
626,22.568119
627,22.569623
628,22.633153
629,22.63789
630,26.046667
631,39.79303
632,41.422577
633,27.884509
634,27.791282
635,21.933718
636,21.830353
637,21.87218
638,21.88161
639,21.886468
640,22.044786
641,22.140586
642,39.554651
643,43.669597
644,52.817347
645,52.852166
646,46.9335
647,37.671755
648,22.686276
649,22.692288
650,22.699062
651,22.706345
652,22.712467
653,22.710118
654,23.996621
655,30.444465
656,37.706001
657,31.259993
658,27.627783
659,21.761923
660,21.751944
661,21.744479
662,21.741391
663,21.739681
664,21.889124
665,22.094239
666,39.547954
667,40.112375
668,45.700354
669,45.703046
670,47.047146
671,44.913445
672,22.685016
673,22.688634
674,22.692586
675,22.695935
676,22.700694
677,22.692997
678,23.967584
679,28.581181
680,41.217883
681,34.757208
682,34.673383
683,28.815176
684,28.816424
685,28.817712
686,28.809928
687,28.806367
688,28.957713
689,29.241647
690,39.584285
691,36.615477
692,42.204081
693,42.204352
694,43.560079
695,37.908314
696,22.67975
697,22.698522
698,22.707218
699,22.707118
700,22.773506
701,22.772155
702,26.19713
703,40.165293
704,41.523686
705,28.064828
706,27.976943
707,22.129905
708,22.021665
709,22.04527
710,22.032307
711,22.02869
712,22.19302
713,22.502684
714,39.681153
715,43.746234
716,52.852448
717,52.845105
718,47.0349
719,37.823399
720,22.787649
721,22.795707
722,22.785821
723,22.795838
724,22.861331
725,22.856977
726,26.278765
727,40.290725
728,41.578353
729,28.1372
730,28.040518
731,22.165959
732,22.033963
733,22.053504
734,22.037452
735,22.026016
736,22.169588
737,22.275156
738,39.621129
739,43.677947
740,52.780558
741,52.775572
742,46.952381
743,37.721305
744,22.67821
745,22.684323
746,22.678453
747,22.68126
748,22.746849
749,22.740847
750,26.152732
751,39.963462
752,41.482042
753,28.022526
754,27.938142
755,22.07342
756,21.9492
757,21.971991
758,21.965261
759,21.965118
760,22.122952
761,22.228755
762,39.596584
763,43.662909
764,52.777185
765,52.777886
766,46.958212
767,37.735636
768,22.699299
769,22.708418
770,22.703974
771,22.709181
772,22.779618
773,22.781016
774,26.205649
775,40.157198
776,41.546154
777,28.108683
778,28.03004
779,22.174222
780,22.055713
781,22.085279
782,22.073617
783,22.064838
784,22.227388
785,22.461316
786,39.67983
787,43.734807
788,52.838369
789,52.83696
790,47.028203
791,37.823773
792,22.791045
793,22.794299
794,22.798065
795,22.809414
796,22.883145
797,22.884842
798,26.313757
799,40.422106
800,41.611567
801,28.170658
802,28.067797
803,22.193873
804,22.063734
805,22.07754
806,22.061336
807,22.05905
808,22.217297
809,22.448727
810,39.672917
811,43.732807
812,52.840942
813,52.83404
814,47.025902
815,37.814049
816,22.851347
817,22.861059
818,22.857864
819,22.865309
820,22.87449
821,22.873734
822,24.17847
823,30.82671
824,37.845502
825,31.421912
826,27.803761
827,21.927643
828,21.900098
829,21.874328
830,21.858483
831,21.859106
832,22.018721
833,22.412286
834,39.664573
835,40.204682
836,45.784534
837,45.781313
838,47.134857
839,44.993529
840,22.770846
841,22.768972
842,22.75969
843,22.744648
844,22.734969
845,22.722838
846,23.993759
847,28.564281
848,41.198849
849,34.758038
850,34.669289
851,28.79916
852,28.783676
853,28.770066
854,28.758334
855,28.748423
856,28.895859
857,29.09667
858,39.535059
859,36.561623
860,42.1515
861,42.159561
862,43.523886
863,37.865031
864,22.625356
865,22.626995
866,22.630839
867,22.631968
868,22.689204
869,22.682781
870,26.092644
871,39.837166
872,41.425049
873,27.916846
874,27.814893
875,21.936526
876,21.830716
877,21.859655
878,21.853001
879,21.849131
880,21.999967
881,21.957519
882,39.491448
883,43.574293
884,52.686015
885,52.741611
886,46.858721
887,37.606044
888,22.548842
889,22.554376
890,22.548307
891,22.544265
892,22.602873
893,22.598626
894,25.995769
895,39.660116
896,41.39907
897,27.855765
898,27.758389
899,21.878135
900,21.772295
901,21.80828
902,21.806179
903,21.805558
904,21.952623
905,21.874094
906,39.4584
907,43.614623
908,52.80867
909,52.878098
910,46.995247
911,37.689077
912,22.533887
913,22.528618
914,22.526841
915,22.527115
916,22.590039
917,22.602133
918,26.019865
919,39.785255
920,41.528816
921,27.826768
922,27.727207
923,21.849481
924,21.781979
925,21.804767
926,21.788108
927,21.77851
928,21.923605
929,21.842222
930,39.56636
931,43.79262
932,53.00551
933,53.055863
934,47.157437
935,37.788228
936,22.606833
937,22.592739
938,22.581718
939,22.574751
940,22.629794
941,22.641361
942,26.068137
943,39.914818
944,41.608679
945,27.913224
946,27.809176
947,21.902751
948,21.814265
949,21.888907
950,21.890445
951,21.867356
952,21.985114
953,21.869742
954,39.684815
955,43.895433
956,53.063126
957,53.096064
958,47.246119
959,37.905218
960,22.717344
961,22.707676
962,22.699779
963,22.693577
964,22.750145
965,22.773371
966,26.20558
967,39.941626
968,41.714988
969,27.989043
970,27.871832
971,22.053523
972,21.982362
973,21.992471
974,21.928497
975,21.901977
976,22.019995
977,21.886814
978,39.767424
979,43.937427
980,53.084729
981,53.099966
982,47.266118
983,37.950419
984,22.811657
985,22.794475
986,22.780084
987,22.767892
988,22.756511
989,22.773633
990,24.028994
991,30.320909
992,37.860502
993,31.209875
994,27.522152
995,21.633279
996,21.628573
997,21.624423
998,21.623124
999,21.624653
1000,21.777245
1001,21.896786
1002,39.601547
1003,40.29148
1004,45.893402
1005,45.901928
1006,47.177159
1007,45.077995
1008,22.669141
1009,22.650138
1010,22.642334
1011,22.635602
1012,22.631799
1013,22.648586
1014,23.930588
1015,28.462109
1016,41.458528
1017,34.75678
1018,34.585629
1019,28.721437
1020,28.721163
1021,28.720292
1022,28.718227
1023,28.715025
1024,28.861843
1025,29.008871
1026,39.551943
1027,36.638091
1028,42.235968
1029,42.240133
1030,43.520057
1031,37.828378
1032,22.562162
1033,22.556116
1034,22.55494
1035,22.554034
1036,22.618604
1037,22.629113
1038,26.034589
1039,39.898389
1040,41.505718
1041,27.866072
1042,27.769893
1043,21.9012
1044,21.799626
1045,21.831211
1046,21.82511
1047,21.821491
1048,21.9682
1049,21.899015
1050,39.503367
1051,43.7803
1052,53.003745
1053,53.059974
1054,47.122044
1055,37.745427
1056,22.562667
1057,22.552763
1058,22.544262
1059,22.536826
1060,22.594488
1061,22.609788
1062,26.046031
1063,39.922894
1064,41.588128
1065,27.858702
1066,27.761889
1067,21.882157
1068,21.771939
1069,21.809192
1070,21.80886
1071,21.808316
1072,21.957069
1073,21.908986
1074,39.524581
1075,43.810593
1076,53.010602
1077,53.043251
1078,47.099537
1079,37.695689
1080,22.579545
1081,22.560671
1082,22.554122
1083,22.54977
1084,22.614525
1085,22.622951
1086,26.029094
1087,39.928149
1088,41.538774
1089,27.865608
1090,27.771731
1091,21.907192
1092,21.804627
1093,21.844041
1094,21.843285
1095,21.842729
1096,21.993255
1097,21.964007
1098,39.500963
1099,43.722983
1100,52.933639
1101,53.016015
1102,47.007828
1103,37.628956
1104,22.556607
1105,22.556121
1106,22.560705
1107,22.566145
1108,22.635791
1109,22.645037
1110,26.052538
1111,39.841931
1112,41.461216
1113,27.887698
1114,27.789646
1115,21.926331
1116,21.821852
1117,21.856955
1118,21.848786
1119,21.850041
1120,22.002594
1121,21.997972
1122,39.577052
1123,43.757076
1124,52.894813
1125,52.952997
1126,47.001006
1127,37.670788
1128,22.587015
1129,22.579141
1130,22.577118
1131,22.575372
1132,22.636811
1133,22.646295
1134,26.060458
1135,39.853369
1136,41.470746
1137,27.871115
1138,27.773703
1139,21.908763
1140,21.803326
1141,21.839352
1142,21.838543
1143,21.838218
1144,21.991359
1145,21.969579
1146,39.508738
1147,43.667329
1148,52.834033
1149,52.924171
1150,46.93129
1151,37.635159
1152,22.648604
1153,22.649071
1154,22.652945
1155,22.656813
1156,22.660194
1157,22.663348
1158,23.942077
1159,30.245547
1160,37.646196
1161,31.178041
1162,27.555068
1163,21.685998
1164,21.677659
1165,21.672118
1166,21.670239
1167,21.669049
1168,21.814303
1169,21.932869
1170,39.496171
1171,40.08929
1172,45.686768
1173,45.702974
1174,47.022637
1175,44.910487
1176,22.643775
1177,22.609464
1178,22.601522
1179,22.602444
1180,22.603829
1181,22.605641
1182,23.883363
1183,28.378234
1184,41.391254
1185,34.827027
1186,34.697412
1187,28.838741
1188,28.845372
1189,28.848228
1190,28.851462
1191,28.846491
1192,28.962881
1193,29.006867
1194,39.720478
1195,36.774843
1196,42.371211
1197,42.380909
1198,43.741699
1199,38.074646
1200,22.761682
1201,22.753089
1202,22.744271
1203,22.735184
1204,22.726944
1205,22.74415
1206,24.040692
1207,28.440163
1208,41.512722
1209,34.926363
1210,34.711482
1211,28.860983
1212,28.881777
1213,28.901738
1214,28.925113
1215,28.94468
1216,29.064793
1217,29.031348
1218,39.80525
1219,36.846955
1220,42.449895
1221,42.449399
1222,43.805561
1223,38.130414
1224,22.766437
1225,22.754533
1226,22.744146
1227,22.735489
1228,22.790588
1229,22.812222
1230,26.225038
1231,39.9854
1232,41.705608
1233,27.887551
1234,27.764058
1235,21.879278
1236,21.772198
1237,21.807828
1238,21.803073
1239,21.797351
1240,21.942047
1241,21.873017
1242,39.687723
1243,43.912723
1244,53.065601
1245,53.085136
1246,47.252153
1247,37.897077
1248,22.707414
1249,22.694067
1250,22.684645
1251,22.677384
1252,22.733828
1253,22.757008
1254,26.187946
1255,39.960366
1256,41.691551
1257,27.876105
1258,27.746479
1259,21.863678
1260,21.757435
1261,21.795621
1262,21.794036
1263,21.79
1264,21.931106
1265,21.828097
1266,39.729912
1267,43.920761
1268,53.071304
1269,53.09077
1270,47.269569
1271,37.939658
1272,22.754742
1273,22.748069
1274,22.7461
1275,22.746474
1276,22.809113
1277,22.839681
1278,26.280449
1279,39.920977
1280,41.716728
1281,27.992756
1282,27.874592
1283,22.093825
1284,22.051989
1285,22.09736
1286,22.06314
1287,21.929797
1288,22.004692
1289,21.883838
1290,39.804632
1291,43.936195
1292,53.106197
1293,53.163852
1294,47.287328
1295,37.97773
1296,22.790784
1297,22.768782
1298,22.749952
1299,22.732949
1300,22.768817
1301,22.780356
1302,26.206879
1303,39.995174
1304,41.725177
1305,28.039583
1306,27.935265
1307,22.085906
1308,22.018015
1309,22.093541
1310,22.090785
1311,22.062445
1312,22.164135
1313,21.991714
1314,39.83879
1315,44.009431
1316,53.163786
1317,53.194037
1318,47.311692
1319,38.021645
1320,22.912069
1321,22.904571
1322,22.901467
1323,22.897487
1324,22.894135
1325,22.908961
1326,24.17413
1327,30.381453
1328,37.965816
1329,31.433812
1330,27.759246
1331,21.906138
1332,21.929438
1333,21.958269
1334,21.974695
1335,21.968356
1336,22.082977
1337,22.04123
1338,39.96826
1339,40.620654
1340,46.233296
1341,46.234154
1342,47.593014
1343,45.511197
1344,23.049605
1345,23.027213
1346,23.014944
1347,23.004805
1348,22.992745
1349,23.005658
1350,24.285364
1351,28.712233
1352,41.789977
1353,35.23605
1354,35.176308
1355,29.411247
1356,29.436819
1357,29.46799
1358,29.470618
1359,29.475533
1360,29.642203
1361,29.624987
1362,40.318156
1363,37.364401
1364,42.896734
1365,42.843346
1366,44.247093
1367,38.591907
1368,23.261619
1369,23.262071
1370,23.256726
1371,23.248783
1372,23.300249
1373,23.292646
1374,26.657632
1375,40.279982
1376,42.105629
1377,28.442152
1378,28.327888
1379,22.374703
1380,22.154531
1381,22.123082
1382,22.045601
1383,22.007686
1384,22.12833
1385,22.023319
1386,39.864373
1387,44.030264
1388,53.157826
1389,53.141309
1390,47.224462
1391,37.945206
1392,22.849337
1393,22.823391
1394,22.79279
1395,22.765645
1396,22.802693
1397,22.809032
1398,26.208088
1399,40.124412
1400,41.689611
1401,27.886332
1402,27.777893
1403,21.91261
1404,21.810456
1405,21.851739
1406,21.852153
1407,21.854805
1408,22.006328
1409,22.026644
1410,39.588997
1411,43.871118
1412,53.041283
1413,53.065219
1414,47.114226
1415,37.707661
1416,22.595751
1417,22.582508
1418,22.580443
1419,22.579938
1420,22.644896
1421,22.655216
1422,26.065113
1423,39.960592
1424,41.549848
1425,27.888151
1426,27.799053
1427,21.94684
1428,21.84117
1429,21.901878
1430,21.89088
1431,21.847715
1432,21.998106
1433,22.013091
1434,39.609542
1435,43.800546
1436,52.951029
1437,53.003135
1438,47.064638
1439,37.71054
1440,22.615494
1441,22.60272
1442,22.596925
1443,22.594169
1444,22.65698
1445,22.667425
1446,26.082413
1447,39.925267
1448,41.507198
1449,27.885429
1450,27.789735
1451,21.933112
1452,21.824062
1453,21.857892
1454,21.848987
1455,21.840492
1456,21.991198
1457,21.980089
1458,39.596994
1459,43.777886
1460,52.921629
1461,52.978874
1462,47.040596
1463,37.692135
1464,22.603039
1465,22.593986
1466,22.593931
1467,22.594223
1468,22.657017
1469,22.667229
1470,26.08231
1471,39.904278
1472,41.515743
1473,27.896938
1474,27.805736
1475,21.94045
1476,21.854301
1477,21.891814
1478,21.879557
1479,21.853885
1480,21.985185
1481,21.929391
1482,39.647703
1483,43.787926
1484,52.948311
1485,53.005031
1486,47.079733
1487,37.756909
1488,22.711022
1489,22.694292
1490,22.688372
1491,22.68229
1492,22.678009
1493,22.692401
1494,23.961164
1495,30.26421
1496,37.777519
1497,31.270167
1498,27.600093
1499,21.721152
1500,21.737379
1501,21.693632
1502,21.682052
1503,21.676168
1504,21.816878
1505,21.880167
1506,39.673354
1507,40.314809
1508,45.921074
1509,45.935819
1510,47.294562
1511,45.212114
1512,22.747667
1513,22.731825
1514,22.721462
1515,22.710434
1516,22.702768
1517,22.725536
1518,24.02051
1519,28.530607
1520,41.510547
1521,34.944647
1522,34.717977
1523,28.833813
1524,28.825142
1525,28.815816
1526,28.813194
1527,28.805235
1528,28.938607
1529,29.010626
1530,39.770101
1531,36.821915
1532,42.425754
1533,42.429833
1534,43.774584
1535,38.092791
1536,22.725881
1537,22.708534
1538,22.695777
1539,22.685575
1540,22.739892
1541,22.764835
1542,26.190567
1543,39.98366
1544,41.687211
1545,27.883433
1546,27.757849
1547,21.874353
1548,21.765482
1549,21.80257
1550,21.798271
1551,21.795065
1552,21.942161
1553,21.870356
1554,39.687135
1555,43.918329
1556,53.069886
1557,53.092361
1558,47.264489
1559,37.935722
1560,22.742943
1561,22.722134
1562,22.708063
1563,22.695265
1564,22.746373
1565,22.770538
1566,26.193626
1567,39.975721
1568,41.680991
1569,27.876064
1570,27.754856
1571,21.877948
1572,21.774506
1573,21.812668
1574,21.812852
1575,21.812693
1576,21.962514
1577,21.934976
1578,39.608341
1579,43.884338
1580,53.038504
1581,53.047958
1582,47.160516
1583,37.750473
1584,22.620398
1585,22.60008
1586,22.5904
1587,22.582243
1588,22.639914
1589,22.653006
1590,26.065557
1591,39.973769
1592,41.539839
1593,27.879695
1594,27.78456
1595,21.918015
1596,21.813936
1597,21.852351
1598,21.851575
1599,21.851856
1600,22.001591
1601,21.986289
1602,39.521398
1603,43.741802
1604,52.947646
1605,53.01357
1606,47.011424
1607,37.646519
1608,22.575232
1609,22.575734
1610,22.579354
1611,22.583118
1612,22.649482
1613,22.653642
1614,26.057379
1615,39.866533
1616,41.487813
1617,27.879439
1618,27.78271
1619,21.919619
1620,21.815811
1621,21.836254
1622,21.829231
1623,21.826825
1624,21.97554
1625,21.939945
1626,39.60106
1627,43.817572
1628,52.976518
1629,53.026146
1630,47.102811
1631,37.73013
1632,22.630334
1633,22.613927
1634,22.609511
1635,22.606007
1636,22.669466
1637,22.691692
1638,26.117285
1639,39.956538
1640,41.645512
1641,27.908395
1642,27.787885
1643,21.900444
1644,21.830801
1645,21.894994
1646,21.88443
1647,21.864838
1648,21.999201
1649,21.879329
1650,39.750613
1651,43.92961
1652,53.070432
1653,53.092307
1654,47.276045
1655,37.956003
1656,22.797001
1657,22.780151
1658,22.769975
1659,22.758686
1660,22.748711
1661,22.773073
1662,24.033646
1663,30.333214
1664,37.92102
1665,31.379664
1666,27.721873
1667,21.888965
1668,21.915315
1669,21.930111
1670,21.929456
1671,21.922004
1672,22.046914
1673,22.01037
1674,39.907174
1675,40.529666
1676,46.15646
1677,46.145984
1678,47.486353
1679,45.380888
1680,22.9295
1681,22.912968
1682,22.90626
1683,22.898785
1684,22.913549
1685,24.195631
1686,28.624744
1687,41.599334
1688,35.051882
1689,34.961265
1690,29.183274
1691,29.250655
1692,29.30876
1693,29.34949
1694,29.399571
1695,29.64492
1696,29.598843
1697,40.296945
1698,37.286298
1699,42.799896
1700,42.778936
1701,44.145451
1702,38.439148
1703,23.081055
1704,22.988339
1705,22.956493
1706,22.937613
1707,22.984428
1708,22.994366
1709,26.391386
1710,40.133915
1711,41.886279
1712,28.201638
1713,28.16839
1714,22.46816
1715,22.452325
1716,22.542447
1717,22.610769
1718,22.649909
1719,22.7673
1720,22.556445
1721,40.36016
1722,44.466953
1723,53.59309
1724,53.574108
1725,47.706551
1726,38.389234
1727,23.192791
1728,23.157898
1729,23.122395
1730,23.090644
1731,23.125129
1732,23.128244
1733,26.513985
1734,40.254373
1735,42.013629
1736,28.30629
1737,28.315527
1738,22.531621
1739,22.55588
1740,22.6427
1741,22.668839
1742,22.700215
1743,22.834476
1744,22.652281
1745,40.450734
1746,44.485503
1747,53.527462
1748,53.543141
1749,47.72254
1750,38.410728
1751,23.226509
1752,23.194486
1753,23.15576
1754,23.116489
1755,23.142538
1756,23.138289
1757,26.513582
1758,40.26672
1759,42.01501
1760,28.31472
1761,28.314101
1762,22.552026
1763,22.455276
1764,22.556684
1765,22.587846
1766,22.571459
1767,22.712309
1768,22.535508
1769,40.310217
1770,44.451737
1771,53.566569
1772,53.575881
1773,47.725986
1774,38.423375
1775,23.236821
1776,23.208598
1777,23.170887
1778,23.129812
1779,23.153534
1780,23.148403
1781,26.528309
1782,40.275567
1783,42.029661
1784,28.299766
1785,28.301855
1786,22.556266
1787,22.558098
1788,22.662562
1789,22.695684
1790,22.684102
1791,22.83169
1792,22.664855
1793,40.434665
1794,44.506204
1795,53.598985
1796,53.588902
1797,47.730421
1798,38.426611
1799,23.244473
1800,23.222594
1801,23.192122
1802,23.158282
1803,23.187302
1804,23.187624
1805,26.568799
1806,40.298794
1807,42.058604
1808,28.307895
1809,28.272052
1810,22.504379
1811,22.477047
1812,22.57198
1813,22.605929
1814,22.597818
1815,22.713057
1816,22.538711
1817,40.349837
1818,44.539745
1819,53.640513
1820,53.599755
1821,47.730011
1822,38.423311
1823,23.239339
1824,23.263847
1825,23.233978
1826,23.198079
1827,23.160748
1828,23.151216
1829,24.356189
1830,30.583857
1831,38.170577
1832,31.593357
1833,27.965985
1834,22.180918
1835,22.344421
1836,22.415726
1837,22.479287
1838,22.489122
1839,22.640091
1840,22.615016
1841,40.412457
1842,40.957918
1843,46.515896
1844,46.455639
1845,47.859768
1846,45.753221
1847,23.326814
1848,23.299348
1849,23.260015
1850,23.236811
1851,23.216908
1852,23.233784
1853,24.479017
1854,28.892134
1855,41.892748
1856,35.31685
1857,35.146789
1858,29.301326
1859,29.341746
1860,29.374987
1861,29.360797
1862,29.381004
1863,29.529457
1864,29.54328
1865,40.271386
1866,37.281166
1867,42.844097
1868,42.831771
1869,44.21287
1870,38.533549
1871,23.202107
1872,23.128294
1873,23.11104
1874,23.101487
1875,23.156994
1876,23.180019
1877,26.589
1878,40.302974
1879,42.102609
1880,28.343369
1881,28.2568
1882,22.367396
1883,22.282758
1884,22.325746
1885,22.34407
1886,22.291753
1887,22.37704
1888,22.210882
1889,40.144116
1890,44.310008
1891,53.467442
1892,53.493076
1893,47.624578
1894,38.224109
1895,22.995729
1896,22.946522
1897,22.92872
1898,22.916109
1899,22.962
1900,22.964855
1901,26.353297
1902,40.058557
1903,41.784527
1904,28.136638
1905,28.018893
1906,22.138897
1907,22.040901
1908,22.07483
1909,22.079647
1910,22.083638
1911,22.249626
1912,22.103791
1913,39.890073
1914,44.132693
1915,53.334825
1916,53.4011
1917,47.487868
1918,38.091921
1919,22.918566
1920,22.905616
1921,22.895856
1922,22.886291
1923,22.940056
1924,22.949547
1925,26.358191
1926,40.045157
1927,41.776715
1928,28.126519
1929,28.009907
1930,22.149482
1931,22.059206
1932,22.109967
1933,22.126409
1934,22.132854
1935,22.261437
1936,22.121728
1937,39.99661
1938,44.208717
1939,53.374247
1940,53.413171
1941,47.553613
1942,38.151206
1943,22.945409
1944,22.919698
1945,22.913103
1946,22.907352
1947,22.962676
1948,22.969218
1949,26.376269
1950,40.054826
1951,41.799732
1952,28.119448
1953,27.963844
1954,22.07575
1955,21.985803
1956,22.027963
1957,22.008203
1958,21.982893
1959,22.116001
1960,22.002168
1961,39.861197
1962,44.007317
1963,53.170979
1964,53.230176
1965,47.339764
1966,38.046194
1967,22.865858
1968,22.839973
1969,22.823005
1970,22.811205
1971,22.862517
1972,22.886498
1973,26.313031
1974,40.028927
1975,41.75549
1976,27.999489
1977,27.908581
1978,22.078572
1979,21.997283
1980,22.050741
1981,22.057551
1982,22.055136
1983,22.194709
1984,22.064118
1985,39.880393
1986,44.05159
1987,53.233205
1988,53.283565
1989,47.363049
1990,38.055079
1991,22.872882
1992,22.901887
1993,22.890785
1994,22.881122
1995,22.869418
1996,22.88329
1997,24.14414
1998,30.418342
1999,37.970478
2000,31.440197
2001,27.761425
2002,21.894677
2003,21.924543
2004,21.958673
2005,21.976982
2006,22.002315
2007,22.154556
2008,22.158502
2009,40.024454
2010,40.622824
2011,46.217737
2012,46.21553
2013,47.545217
2014,45.433632
2015,22.992037
2016,22.963532
2017,22.956357
2018,22.950433
2019,22.943724
2020,22.954964
2021,24.229604
2022,28.642653
2023,41.61846
2024,35.073208
2025,34.921968
2026,29.041624
2027,29.052846
2028,29.051135
2029,29.053126
2030,29.092055
2031,29.268459
2032,29.292895
2033,40.035643
2034,37.093071
2035,42.694403
2036,42.689888
2037,44.025791
2038,38.336158
2039,23.019772
2040,22.941488
2041,22.92539
2042,22.915478
2043,22.971149
2044,22.977845
2045,26.384457
2046,40.116012
2047,41.858535
2048,28.144437
2049,28.020189
2050,22.171847
2051,22.101262
2052,22.095913
2053,22.072581
2054,22.053716
2055,22.177536
2056,22.053324
2057,39.870853
2058,44.062716
2059,53.277405
2060,53.379805
2061,47.420374
2062,38.082043
2063,22.919331
2064,22.908644
2065,22.901787
2066,22.894401
2067,22.949935
2068,22.957773
2069,26.365331
2070,40.034347
2071,41.791664
2072,28.092463
2073,27.934288
2074,22.042158
2075,21.933556
2076,21.969992
2077,21.973171
2078,21.966143
2079,22.102048
2080,21.987781
2081,39.837808
2082,43.96811
2083,53.119881
2084,53.206696
2085,47.340276
2086,38.050355
2087,22.887944
2088,22.872347
2089,22.859172
2090,22.84831
2091,22.89797
2092,22.916898
2093,26.333792
2094,40.012067
2095,41.763318
2096,28.022758
2097,27.865921
2098,21.978599
2099,21.867392
2100,21.901673
2101,21.897794
2102,21.891268
2103,22.029366
2104,21.927878
2105,39.818435
2106,43.942085
2107,53.12199
2108,53.154775
2109,47.309921
2110,38.021899
2111,22.833854
2112,22.809637
2113,22.790897
2114,22.776848
2115,22.825115
2116,22.845897
2117,26.271232
2118,39.999234
2119,41.738255
2120,27.989367
2121,27.846006
2122,21.969944
2123,21.880209
2124,21.914576
2125,21.907074
2126,21.890467
2127,22.030901
2128,21.928595
2129,39.815934
2130,43.941181
2131,53.09442
2132,53.114897
2133,47.286334
2134,37.998293
2135,22.794901
2136,22.770197
2137,22.757279
2138,22.748331
2139,22.80328
2140,22.830442
2141,26.260832
2142,39.997846
2143,41.72615
2144,27.954603
2145,27.819769
2146,21.953641
2147,21.865511
2148,21.922399
2149,21.935296
2150,21.896681
2151,22.022507
2152,21.923515
2153,39.806252
2154,43.93899
2155,53.090882
2156,53.115601
2157,47.282131
2158,38.009007
2159,22.84669
2160,22.898086
2161,22.903982
2162,22.908813
2163,22.91537
2164,22.929289
2165,24.192959
2166,30.351321
2167,37.976814
2168,31.462915
2169,27.749758
2170,21.86414
2171,21.899277
2172,21.93141
2173,21.974603
2174,22.006281
2175,22.154658
2176,22.159895
2177,40.139634
2178,40.750046
2179,46.34562
2180,46.307629
2181,47.680261
2182,45.562667
2183,23.08755
2184,23.054309
2185,23.039593
2186,23.013218
2187,22.993848
2188,23.016656
2189,24.302165
2190,28.745372
2191,41.871589
2192,35.352978
2193,35.298478
2194,29.489875
2195,29.552206
2196,29.60205
2197,29.605194
2198,29.633924
2199,29.788967
2200,29.774761
2201,40.439698
2202,37.461046
2203,43.02729
2204,43.023555
2205,44.443945
2206,38.766418
2207,23.410771
2208,23.31789
2209,23.316767
2210,23.315814
2211,23.323298
2212,23.376565
2213,26.752556
2214,40.386935
2215,42.272927
2216,28.633141
2217,28.513242
2218,22.670148
2219,22.573799
2220,22.581925
2221,22.56818
2222,22.606807
2223,22.75513
2224,22.567372
2225,40.357893
2226,44.451468
2227,53.523228
2228,53.542456
2229,47.761554
2230,38.472589
2231,23.351614
2232,23.399483
2233,23.40708
2234,23.3928
2235,23.417975
2236,23.415335
2237,26.766764
2238,40.370136
2239,42.138073
2240,28.469493
2241,28.378371
2242,22.538415
2243,22.481481
2244,22.578191
2245,22.624914
2246,22.639133
2247,22.761848
2248,22.565517
2249,40.348174
2250,44.4087
2251,53.521611
2252,53.54291
2253,47.707257
2254,38.378131
2255,23.144841
2256,23.106128
2257,23.074137
2258,23.045437
2259,23.086211
2260,23.094605
2261,26.492315
2262,40.248017
2263,41.980068
2264,28.223821
2265,28.10919
2266,22.230766
2267,22.208282
2268,22.306204
2269,22.344082
2270,22.365264
2271,22.55517
2272,22.427311
2273,40.308905
2274,44.447288
2275,53.580439
2276,53.62575
2277,47.861746
2278,38.599914
2279,23.425263
2280,23.408346
2281,23.389545
2282,23.346415
2283,23.303346
2284,23.248899
2285,26.619085
2286,40.282841
2287,42.055046
2288,28.248912
2289,28.111485
2290,22.247136
2291,22.208212
2292,22.361934
2293,22.426053
2294,22.442815
2295,22.602062
2296,22.414899
2297,40.270955
2298,44.367853
2299,53.501707
2300,53.515134
2301,47.661786
2302,38.28474
2303,23.043751
2304,22.98599
2305,22.952725
2306,22.941991
2307,22.994113
2308,22.995193
2309,26.398651
2310,40.108184
2311,41.888736
2312,28.292384
2313,28.264833
2314,22.469467
2315,22.467876
2316,22.575239
2317,22.621562
2318,22.664903
2319,22.820489
2320,22.680464
2321,40.456685
2322,44.550272
2323,53.65639
2324,53.64372
2325,47.793956
2326,38.464152
2327,23.257758
2328,23.292043
2329,23.260645
2330,23.229091
2331,23.202939
2332,23.193957
2333,24.425471
2334,30.688789
2335,38.365731
2336,31.883494
2337,28.274146
2338,22.408175
2339,22.406614
2340,22.41631
2341,22.465118
2342,22.497027
2343,22.663097
2344,22.652016
2345,40.459313
2346,41.062453
2347,46.636792
2348,46.629072
2349,48.018001
2350,45.849366
2351,23.41402
2352,23.377294
2353,23.35403
2354,23.356532
2355,23.358018
2356,23.319383
2357,24.557623
2358,28.933339
2359,41.906431
2360,35.344842
2361,35.182055
2362,29.309082
2363,29.332187
2364,29.309654
2365,29.250404
2366,29.219219
2367,29.338179
2368,29.367036
2369,40.129627
2370,37.178415
2371,42.765925
2372,42.747067
2373,44.096055
2374,38.392219
2375,23.05604
2376,22.978145
2377,22.953008
2378,22.936739
2379,22.992175
2380,23.001075
2381,26.399122
2382,40.164352
2383,41.902472
2384,28.198124
2385,28.08291
2386,22.225562
2387,22.224692
2388,22.344884
2389,22.390407
2390,22.427139
2391,22.588668
2392,22.443565
2393,40.309363
2394,44.431083
2395,53.555546
2396,53.54477
2397,47.712957
2398,38.407975
2399,23.213992
2400,23.155002
2401,23.109111
2402,23.066855
2403,23.1026
2404,23.099935
2405,26.495159
2406,40.247245
2407,42.017348
2408,28.224786
2409,28.087949
2410,22.192654
2411,22.070921
2412,22.099984
2413,22.081069
2414,22.066297
2415,22.204648
2416,22.085849
2417,39.929745
2418,44.184646
2419,53.387637
2420,53.432542
2421,47.494997
2422,38.111105
2423,22.933633
2424,22.927465
2425,22.919751
2426,22.914737
2427,22.971183
2428,22.976839
2429,26.376288
2430,40.063084
2431,41.812874
2432,28.138901
2433,27.98264
2434,22.098158
2435,21.993306
2436,22.030175
2437,22.032506
2438,22.041551
2439,22.187865
2440,22.058107
2441,39.894381
2442,44.138705
2443,53.327328
2444,53.362464
2445,47.389183
2446,38.059457
2447,22.900223
2448,22.888467
2449,22.87236
2450,22.85966
2451,22.904203
2452,22.926237
2453,26.345706
2454,40.030929
2455,41.794591
2456,28.141463
2457,28.011185
2458,22.150164
2459,22.059786
2460,22.124708
2461,22.145267
2462,22.155796
2463,22.310291
2464,22.178113
2465,40.116956
2466,44.266747
2467,53.424031
2468,53.452771
2469,47.590851
2470,38.191654
2471,22.970619
2472,22.9373
2473,22.925832
2474,22.921313
2475,22.979442
2476,22.984427
2477,26.383162
2478,40.101549
2479,41.87004
2480,28.218558
2481,28.130947
2482,22.292402
2483,22.216634
2484,22.31088
2485,22.316556
2486,22.313724
2487,22.468336
2488,22.303429
2489,40.172666
2490,44.296933
2491,53.489691
2492,53.529129
2493,47.663485
2494,38.326737
2495,23.101024
2496,23.104386
2497,23.069212
2498,23.036701
2499,23.018198
2500,23.03196
2501,24.280229
2502,30.508928
2503,38.101938
2504,31.496466
2505,27.783014
2506,21.896405
2507,21.884394
2508,21.878431
2509,21.858821
2510,21.849189
2511,21.989546
2512,22.037924
2513,39.917588
2514,40.595083
2515,46.198672
2516,46.189184
2517,47.531225
2518,45.420767
2519,22.972648
2520,22.953777
2521,22.937467
2522,22.923979
2523,22.911978
2524,22.92989
2525,24.20853
2526,28.644614
2527,41.5855
2528,35.035302
2529,34.819508
2530,28.931286
2531,28.927306
2532,28.920034
2533,28.905089
2534,28.904014
2535,29.041515
2536,29.118192
2537,39.827883
2538,36.864663
2539,42.480499
2540,42.476622
2541,43.851144
2542,38.184792
2543,22.846039
2544,22.775405
2545,22.77222
2546,22.762146
2547,22.814712
2548,22.850115
2549,26.286683
2550,39.990338
2551,41.739238
2552,27.982116
2553,27.829382
2554,21.937712
2555,21.82622
2556,21.860688
2557,21.855008
2558,21.859029
2559,22.026286
2560,21.916018
2561,39.816051
2562,43.954475
2563,53.114341
2564,53.140087
2565,47.312306
2566,38.023413
2567,22.857419
2568,22.845056
2569,22.836649
2570,22.831395
2571,22.887042
2572,22.904062
2573,26.315071
2574,39.986211
2575,41.753052
2576,28.027445
2577,27.873838
2578,21.996023
2579,21.882176
2580,21.921398
2581,21.939626
2582,21.958355
2583,22.110187
2584,21.982806
2585,39.840139
2586,43.990367
2587,53.180629
2588,53.249293
2589,47.323462
2590,38.033556
2591,22.859987
2592,22.852268
2593,22.83051
2594,22.819498
2595,22.869671
2596,22.890488
2597,26.321129
2598,40.008679
2599,41.768974
2600,28.10004
2601,27.979376
2602,22.106481
2603,22.091318
2604,22.158787
2605,22.167346
2606,22.182158
2607,22.314674
2608,22.179911
2609,40.117047
2610,44.265489
2611,53.415785
2612,53.448828
2613,47.596045
2614,38.214339
2615,22.992656
2616,22.946403
2617,22.921041
2618,22.909157
2619,22.963575
2620,22.968886
2621,26.370018
2622,40.067421
2623,41.840357
2624,28.193637
2625,28.087597
2626,22.269132
2627,22.232367
2628,22.303135
2629,22.264388
2630,22.216934
2631,22.317122
2632,22.158091
2633,40.115082
2634,44.280806
2635,53.435149
2636,53.460783
2637,47.635791
2638,38.285585
2639,23.068853
2640,23.037093
2641,23.027232
2642,23.017382
2643,23.080906
2644,23.099964
2645,26.497319
2646,40.230784
2647,42.067348
2648,28.383206
2649,28.363769
2650,22.579374
2651,22.577077
2652,22.67421
2653,22.701685
2654,22.72533
2655,22.892883
2656,22.719321
2657,40.503986
2658,44.605443
2659,53.690574
2660,53.671642
2661,47.852113
2662,38.537869
2663,23.349083
2664,23.379274
2665,23.367798
2666,23.360947
2667,23.358014
2668,23.373983
2669,24.6092
2670,30.752752
2671,38.428472
2672,31.980815
2673,28.35572
2674,22.52898
2675,22.540498
2676,22.532041
2677,22.568251
2678,22.568188
2679,22.712836
2680,22.707568
2681,40.488313
2682,41.039175
2683,46.613645
2684,46.617927
2685,48.04829
2686,45.934067
2687,23.535801
2688,23.52583
2689,23.521036
2690,23.50905
2691,23.472104
2692,23.375843
2693,24.538576
2694,28.893053
2695,41.862303
2696,35.333586
2697,35.16037
2698,29.250714
2699,29.226227
2700,29.203487
2701,29.189762
2702,29.172409
2703,29.308098
2704,29.343598
2705,40.100399
2706,37.149433
2707,42.740425
2708,42.722991
2709,44.063385
2710,38.372666
2711,23.034486
2712,22.95492
2713,22.941792
2714,22.932836
2715,22.985636
2716,22.986791
2717,26.387397
2718,40.092897
2719,41.842734
2720,28.198169
2721,28.082529
2722,22.218002
2723,22.140707
2724,22.242772
2725,22.274292
2726,22.304794
2727,22.481896
2728,22.334886
2729,40.187395
2730,44.295658
2731,53.436342
2732,53.49495
2733,47.655211
2734,38.275327
2735,23.032224
2736,22.972669
2737,22.942963
2738,22.928348
2739,22.982114
2740,22.985712
2741,26.394758
2742,40.097946
2743,41.870383
2744,28.223417
2745,28.119269
2746,22.290555
2747,22.245528
2748,22.336329
2749,22.381217
2750,22.403156
2751,22.564779
2752,22.418593
2753,40.238062
2754,44.342721
2755,53.461693
2756,53.556502
2757,47.695336
2758,38.383018
2759,23.182306
2760,23.153261
2761,23.119576
2762,23.099216
2763,23.141851
2764,23.15073
2765,26.547146
2766,40.268981
2767,42.038141
2768,28.24871
2769,28.119684
2770,22.239546
2771,22.165697
2772,22.276525
2773,22.3179
2774,22.376183
2775,22.547638
2776,22.422278
2777,40.317255
2778,44.443214
2779,53.559127
2780,53.558004
2781,47.735548
2782,38.438047
2783,23.285098
2784,23.300729
2785,23.304109
2786,23.292082
2787,23.335359
2788,23.34091
2789,26.760517
2790,40.386155
2791,42.221969
2792,28.557894
2793,28.455744
2794,22.586766
2795,22.486442
2796,22.580966
2797,22.63103
2798,22.635359
2799,22.79903
2800,22.62191
2801,40.367898
2802,44.436068
2803,53.521797
2804,53.512625
2805,47.695359
2806,38.394425
2807,23.203552
2808,23.162627
2809,23.129038
2810,23.096847
2811,23.13386
2812,23.138453
2813,26.53295
2814,40.265697
2815,42.053114
2816,28.271623
2817,28.147704
2818,22.290832
2819,22.196373
2820,22.217874
2821,22.221549
2822,22.193296
2823,22.31738
2824,22.217134
2825,40.160217
2826,44.313556
2827,53.467424
2828,53.491324
2829,47.678523
2830,38.345066
2831,23.126178
2832,23.131496
2833,23.10422
2834,23.077653
2835,23.04509
2836,23.048433
2837,24.28236
2838,30.530462
2839,38.148499
2840,31.572884
2841,27.969453
2842,22.168111
2843,22.2652
2844,22.341202
2845,22.374533
2846,22.393025
2847,22.490912
2848,22.459165
2849,40.306495
2850,40.886399
2851,46.456963
2852,46.422882
2853,47.810326
2854,45.69028
2855,23.208033
2856,23.141988
2857,23.101725
2858,23.069652
2859,23.043691
2860,23.048818
2861,24.312727
2862,28.775494
2863,41.893421
2864,35.329831
2865,35.208194
2866,29.412931
2867,29.435178
2868,29.439251
2869,29.453004
2870,29.448882
2871,29.597816
2872,29.591145
2873,40.266022
2874,37.268186
2875,42.908289
2876,42.898568
2877,44.264115
2878,38.586408
2879,23.289603
2880,23.216892
2881,23.16591
2882,23.113261
2883,23.127738
2884,23.113123
2885,26.500859
2886,40.261455
2887,41.972444
2888,28.230313
2889,28.098942
2890,22.216265
2891,22.114946
2892,22.155491
2893,22.144527
2894,22.129853
2895,22.270238
2896,22.142384
2897,39.973686
2898,44.23324
2899,53.422182
2900,53.455987
2901,47.527365
2902,38.140139
2903,22.950361
2904,22.937067
2905,22.930244
2906,22.923579
2907,22.979562
2908,22.986732
2909,26.397263
2910,40.094167
2911,41.876935
2912,28.21361
2913,28.107846
2914,22.261755
2915,22.189673
2916,22.254855
2917,22.273734
2918,22.291896
2919,22.464845
2920,22.307633
2921,40.161397
2922,44.280664
2923,53.426442
2924,53.47649
2925,47.650415
2926,38.275134
2927,23.039869
2928,22.987622
2929,22.952237
2930,22.93691
2931,22.990469
2932,22.997189
2933,26.408715
2934,40.14294
2935,41.937423
2936,28.25894
2937,28.164328
2938,22.309202
2939,22.25619
2940,22.33095
2941,22.377138
2942,22.392024
2943,22.538782
2944,22.384499
2945,40.220093
2946,44.342627
2947,53.471827
2948,53.542817
2949,47.684375
2950,38.354382
2951,23.123284
2952,23.078253
2953,23.048305
2954,23.027748
2955,23.073564
2956,23.088819
2957,26.500523
2958,40.247584
2959,41.996032
2960,28.22778
2961,28.105484
2962,22.224045
2963,22.120968
2964,22.16531
2965,22.18621
2966,22.186786
2967,22.327523
2968,22.187295
2969,40.133827
2970,44.301367
2971,53.46213
2972,53.482218
2973,47.634104
2974,38.238278
2975,23.006242
2976,22.957737
2977,22.939663
2978,22.932145
2979,22.988287
2980,22.99527
2981,26.400915
2982,40.117003
2983,41.906154
2984,28.24148
2985,28.189213
2986,22.362392
2987,22.363519
2988,22.45724
2989,22.451961
2990,22.47552
2991,22.636802
2992,22.478462
2993,40.328931
2994,44.451483
2995,53.561299
2996,53.553212
2997,47.708775
2998,38.390553
2999,23.182228
3000,23.17461
3001,23.132875
3002,23.09863
3003,23.068543
3004,23.07073
3005,24.319467
3006,30.559699
3007,38.243758
3008,31.711969
3009,28.075333
3010,22.274536
3011,22.335355
3012,22.403874
3013,22.45416
3014,22.484306
3015,22.634556
3016,22.598924
3017,40.415206
3018,40.960729
3019,46.495105
3020,46.471681
3021,47.880296
3022,45.763303
3023,23.363899
3024,23.344161
3025,23.31033
3026,23.285303
3027,23.258784
3028,23.262175
3029,24.522978
3030,28.93891
3031,41.99944
3032,35.491084
3033,35.402198
3034,29.560523
3035,29.592972
3036,29.600045
3037,29.602508
3038,29.613241
3039,29.761909
3040,29.741008
3041,40.450029
3042,37.470317
3043,43.040512
3044,43.023679
3045,44.408924
3046,38.720535
3047,23.415313
3048,23.342847
3049,23.332287
3050,23.325285
3051,23.382396
3052,23.390179
3053,26.777225
3054,40.388628
3055,42.212154
3056,28.553097
3057,28.468472
3058,22.678247
3059,22.639938
3060,22.696049
3061,22.709781
3062,22.722217
3063,22.883096
3064,22.737348
3065,40.491349
3066,44.607472
3067,53.733112
3068,53.749045
3069,47.934112
3070,38.636781
3071,23.444119
3072,23.411167
3073,23.383316
3074,23.358794
3075,23.399214
3076,23.390138
3077,26.759959
3078,40.380342
3079,42.228245
3080,28.645206
3081,28.561281
3082,22.72663
3083,22.673422
3084,22.722408
3085,22.728409
3086,22.749403
3087,22.905591
3088,22.648906
3089,40.446191
3090,44.618779
3091,53.74547
3092,53.744539
3093,47.924343
3094,38.628519
3095,23.425831
3096,23.386861
3097,23.353075
3098,23.324189
3099,23.359477
3100,23.344495
3101,26.725417
3102,40.355212
3103,42.194992
3104,28.591261
3105,28.470373
3106,22.563735
3107,22.427906
3108,22.449806
3109,22.445102
3110,22.447653
3111,22.595238
3112,22.394313
3113,40.168807
3114,44.303005
3115,53.44884
3116,53.472129
3117,47.672601
3118,38.363274
3119,23.16765
3120,23.134397
3121,23.111899
3122,23.099082
3123,23.15002
3124,23.173712
3125,26.56732
3126,40.257033
3127,42.042643
3128,28.307933
3129,28.229364
3130,22.374575
3131,22.302222
3132,22.365658
3133,22.376321
3134,22.38353
3135,22.525354
3136,22.371592
3137,40.261707
3138,44.363573
3139,53.494749
3140,53.494985
3141,47.68735
3142,38.371356
3143,23.158201
3144,23.12033
3145,23.092509
3146,23.072085
3147,23.118087
3148,23.130903
3149,26.541502
3150,40.268742
3151,42.102888
3152,28.389294
3153,28.323134
3154,22.489499
3155,22.44179
3156,22.516107
3157,22.533865
3158,22.560478
3159,22.719884
3160,22.560489
3161,40.322095
3162,44.434076
3163,53.560359
3164,53.57536
3165,47.770865
3166,38.469904
3167,23.290491
3168,23.318593
3169,23.291574
3170,23.270516
3171,23.253298
3172,23.264697
3173,24.491116
3174,30.653513
3175,38.282109
3176,31.707626
3177,28.015597
3178,22.1698
3179,22.21698
3180,22.270514
3181,22.310468
3182,22.333412
3183,22.507192
3184,22.544162
3185,40.426775
3186,41.031834
3187,46.660379
3188,46.702937
3189,48.040575
3190,45.987895
3191,23.616355
3192,23.539302
3193,23.471948
3194,23.402315
3195,23.34538
3196,23.294946
3197,24.57679
3198,28.961734
3199,41.96881
3200,35.441768
3201,35.334294
3202,29.459303
3203,29.478468
3204,29.511437
3205,29.536134
3206,29.551714
3207,29.713854
3208,29.69602
3209,40.403175
3210,37.406817
3211,42.939774
3212,42.897589
3213,44.284372
3214,38.603524
3215,23.289092
3216,23.209096
3217,23.206121
3218,23.185041
3219,23.213046
3220,23.210442
3221,26.619957
3222,40.289028
3223,42.155074
3224,28.531799
3225,28.420217
3226,22.646927
3227,22.645527
3228,22.732241
3229,22.766748
3230,22.691833
3231,22.884667
3232,22.678752
3233,40.48679
3234,44.587158
3235,53.641753
3236,53.618426
3237,47.80408
3238,38.4602
3239,23.267643
3240,23.2651
3241,23.265533
3242,23.272208
3243,23.34169
3244,23.365844
3245,26.794502
3246,40.429478
3247,42.214608
3248,28.623395
3249,28.580614
3250,22.750051
3251,22.699109
3252,22.795657
3253,22.858303
3254,22.861875
3255,22.982454
3256,22.76672
3257,40.543614
3258,44.652738
3259,53.802927
3260,53.857586
3261,47.991803
3262,38.655409
3263,23.465382
3264,23.446755
3265,23.435496
3266,23.428738
3267,23.488117
3268,23.523823
3269,26.920595
3270,40.520785
3271,42.365673
3272,28.785862
3273,28.694577
3274,22.788707
3275,22.649158
3276,22.648819
3277,22.602725
3278,22.535675
3279,22.630999
3280,22.437771
3281,40.190746
3282,44.315397
3283,53.451151
3284,53.473259
3285,47.6664
3286,38.353121
3287,23.136033
3288,23.098654
3289,23.07813
3290,23.066653
3291,23.116969
3292,23.142329
3293,26.545176
3294,40.263679
3295,42.046073
3296,28.280629
3297,28.174748
3298,22.30873
3299,22.205216
3300,22.237658
3301,22.220835
3302,22.207733
3303,22.350758
3304,22.216913
3305,40.135489
3306,44.310012
3307,53.466814
3308,53.490306
3309,47.650445
3310,38.280399
3311,23.068816
3312,23.03683
3313,23.017885
3314,23.003467
3315,23.052787
3316,23.071247
3317,26.487979
3318,40.236959
3319,42.032985
3320,28.368226
3321,28.310627
3322,22.503836
3323,22.483399
3324,22.599175
3325,22.645192
3326,22.664916
3327,22.829029
3328,22.583517
3329,40.437024
3330,44.5262
3331,53.591599
3332,53.565651
3333,47.73932
3334,38.438843
3335,23.251319
3336,23.275205
3337,23.252703
3338,23.226906
3339,23.211212
3340,23.224615
3341,24.455085
3342,30.714572
3343,38.383888
3344,31.877828
3345,28.229883
3346,22.395005
3347,22.408428
3348,22.441557
3349,22.457276
3350,22.446999
3351,22.598267
3352,22.591426
3353,40.406113
3354,40.956545
3355,46.489312
3356,46.46599
3357,47.874877
3358,45.73268
3359,23.313601
3360,23.281692
3361,23.264313
3362,23.252117
3363,23.233124
3364,23.232267
3365,24.498051
3366,28.907813
3367,41.948798
3368,35.473204
3369,35.419812
3370,29.48775
3371,29.51482
3372,29.539544
3373,29.623464
3374,29.571035
3375,29.723499
3376,29.713502
3377,40.457228
3378,37.521078
3379,43.011622
3380,42.945622
3381,44.313058
3382,38.614671
3383,23.30615
3384,23.232119
3385,23.212065
3386,23.195287
3387,23.239632
3388,23.249853
3389,26.647783
3390,40.323544
3391,42.223654
3392,28.610791
3393,28.491828
3394,22.654441
3395,22.575262
3396,22.756009
3397,22.763003
3398,22.763734
3399,22.878584
3400,22.675982
3401,40.482922
3402,44.588144
3403,53.671476
3404,53.651848
3405,47.843182
3406,38.530878
3407,23.348153
3408,23.326019
3409,23.28318
3410,23.258909
3411,23.317379
3412,23.337327
3413,26.76356
3414,40.406816
3415,42.298915
3416,28.733875
3417,28.66192
3418,22.807495
3419,22.730502
3420,22.7805
3421,22.779831
3422,22.787035
3423,22.969533
3424,22.859493
3425,40.616358
3426,44.746119
3427,53.886609
3428,53.934
3429,48.083771
3430,38.744161
3431,23.519378
3432,23.461428
3433,23.409519
3434,23.361107
3435,23.373117
3436,23.331627
3437,26.692951
3438,40.29786
3439,42.137263
3440,28.573958
3441,28.442363
3442,22.611279
3443,22.535019
3444,22.562988
3445,22.519541
3446,22.4857
3447,22.623933
3448,22.477042
3449,40.245219
3450,44.366053
3451,53.471368
3452,53.486435
3453,47.672339
3454,38.371912
3455,23.204731
3456,23.187138
3457,23.165984
3458,23.15192
3459,23.205261
3460,23.231626
3461,26.639423
3462,40.265761
3463,42.065481
3464,28.38213
3465,28.263521
3466,22.410644
3467,22.320721
3468,22.384298
3469,22.409039
3470,22.403272
3471,22.553975
3472,22.409537
3473,40.233048
3474,44.372172
3475,53.503082
3476,53.518683
3477,47.702289
3478,38.4028
3479,23.217778
3480,23.187234
3481,23.169303
3482,23.155216
3483,23.199575
3484,23.214016
3485,26.615616
3486,40.265656
3487,42.111566
3488,28.428355
3489,28.32041
3490,22.470317
3491,22.432117
3492,22.495357
3493,22.493636
3494,22.501193
3495,22.65171
3496,22.485451
3497,40.3003
3498,44.453187
3499,53.590598
3500,53.612404
3501,47.809263
3502,38.507669
3503,23.32535
3504,23.355299
3505,23.342816
3506,23.332467
3507,23.325322
3508,23.332542
3509,24.574249
3510,30.723113
3511,38.348637
3512,31.857446
3513,28.238919
3514,22.432418
3515,22.475012
3516,22.500037
3517,22.540311
3518,22.570634
3519,22.734391
3520,22.729198
3521,40.533923
3522,41.105376
3523,46.677524
3524,46.652964
3525,48.044244
3526,45.917907
3527,23.476681
3528,23.403616
3529,23.407155
3530,23.420485
3531,23.373452
3532,23.389721
3533,24.758687
3534,29.203442
3535,42.238926
3536,35.699749
3537,35.575926
3538,29.681131
3539,29.675547
3540,29.671905
3541,29.666751
3542,29.65339
3543,29.7759
3544,29.751535
3545,40.432389
3546,37.430744
3547,42.970221
3548,42.944488
3549,44.352868
3550,38.663238
3551,23.350354
3552,23.327184
3553,23.308916
3554,23.294899
3555,23.28401
3556,23.287236
3557,24.553405
3558,28.884736
3559,41.897762
3560,35.356151
3561,35.188369
3562,29.299768
3563,29.324143
3564,29.354267
3565,29.407254
3566,29.445568
3567,29.616315
3568,29.634336
3569,40.355657
3570,37.365929
3571,42.900682
3572,42.854949
3573,44.240377
3574,38.570206
3575,23.265291
3576,23.179663
3577,23.148032
3578,23.125824
3579,23.170618
3580,23.185106
3581,26.600314
3582,40.306707
3583,42.164899
3584,28.579746
3585,28.547241
3586,22.722252
3587,22.663383
3588,22.767617
3589,22.784633
3590,22.789813
3591,22.94603
3592,22.818054
3593,40.59349
3594,44.709464
3595,53.759876
3596,53.736566
3597,47.913371
3598,38.5728
3599,23.364375
3600,23.337688
3601,23.317882
3602,23.300608
3603,23.347507
3604,23.3441
3605,26.734611
3606,40.373872
3607,42.241257
3608,28.65792
3609,28.586363
3610,22.741236
3611,22.698152
3612,22.765421
3613,22.746732
3614,22.749348
3615,22.909443
3616,22.747946
3617,40.505286
3618,44.615436
3619,53.736557
3620,53.76583
3621,47.958283
3622,38.666224
3623,23.488427
3624,23.540675
3625,23.54986
3626,23.549453
3627,23.614718
3628,23.616593
3629,26.992314
3630,40.58605
3631,42.437912
3632,28.907747
3633,28.866098
3634,23.004757
3635,22.888757
3636,22.922471
3637,22.924298
3638,22.950814
3639,23.093187
3640,22.96128
3641,40.697717
3642,44.891098
3643,53.90612
3644,53.817343
3645,48.014198
3646,38.726806
3647,23.536771
3648,23.523454
3649,23.526027
3650,23.515357
3651,23.547511
3652,23.53049
3653,26.901089
3654,40.508185
3655,42.298681
3656,28.702707
3657,28.621301
3658,22.784877
3659,22.713233
3660,22.754305
3661,22.757738
3662,22.76919
3663,22.915053
3664,22.743665
3665,40.527753
3666,44.626743
3667,53.738318
3668,53.760296
3669,47.919371
3670,38.60161
3671,23.392062
3672,23.389824
3673,23.423618
3674,23.450464
3675,23.444386
3676,23.403805
3677,24.688015
3678,30.876602
3679,38.544666
3680,32.041422
3681,28.400707
3682,22.537573
3683,22.575025
3684,22.601187
3685,22.609856
3686,22.631099
3687,22.77685
3688,22.785611
3689,40.571465
3690,41.172096
3691,46.751134
3692,46.732303
3693,48.106881
3694,45.91087
3695,23.469997
3696,23.439957
3697,23.425288
3698,23.375704
3699,23.339975
3700,23.373504
3701,24.660447
3702,29.078112
3703,42.184427
3704,35.697416
3705,35.59541
3706,29.771277
3707,29.788773
3708,29.81231
3709,29.844082
3710,29.846874
3711,30.015015
3712,30.060426
3713,40.604974
3714,37.548076
3715,43.133999
3716,43.14094
3717,44.572007
3718,38.900934
3719,23.566472
3720,23.47186
3721,23.442436
3722,23.425889
3723,23.49742
3724,23.510391
3725,26.926759
3726,40.586273
3727,42.499795
3728,28.96704
3729,28.929952
3730,23.097419
3731,23.023014
3732,23.08328
3733,23.103516
3734,23.098066
3735,23.259544
3736,23.181566
3737,40.874344
3738,45.051487
3739,54.181685
3740,54.222801
3741,48.316432
3742,38.994159
3743,23.791296
3744,23.778301
3745,23.743051
3746,23.720985
3747,23.778431
3748,23.787633
3749,27.215443
3750,40.927327
3751,42.710643
3752,29.118314
3753,29.025295
3754,23.1551
3755,23.07043
3756,23.121275
3757,23.111847
3758,23.116623
3759,23.251191
3760,23.154716
3761,40.89113
3762,45.075071
3763,54.217549
3764,54.293801
3765,48.353622
3766,38.961762
3767,23.717864
3768,23.680141
3769,23.660451
3770,23.645504
3771,23.696367
3772,23.700821
3773,27.117849
3774,40.782382
3775,42.630246
3776,29.038651
3777,28.964021
3778,23.088633
3779,22.975454
3780,23.010939
3781,22.998176
3782,23.00551
3783,23.156861
3784,23.092371
3785,40.803605
3786,44.979946
3787,54.160477
3788,54.256594
3789,48.354938
3790,39.015765
3791,23.799321
3792,23.785819
3793,23.767557
3794,23.75319
3795,23.808008
3796,23.817769
3797,27.232768
3798,40.940174
3799,42.70808
3800,29.10793
3801,28.988803
3802,23.066556
3803,22.953339
3804,22.976335
3805,22.983884
3806,22.982208
3807,23.166296
3808,23.113448
3809,40.811598
3810,44.954897
3811,54.123588
3812,54.213499
3813,48.248992
3814,38.90375
3815,23.697298
3816,23.672369
3817,23.647035
3818,23.631904
3819,23.695402
3820,23.695942
3821,27.112322
3822,40.785692
3823,42.634322
3824,29.036038
3825,28.977777
3826,23.113581
3827,23.028876
3828,23.06043
3829,23.055923
3830,23.047249
3831,23.192044
3832,23.108183
3833,40.801608
3834,44.991118
3835,54.178425
3836,54.234467
3837,48.279205
3838,38.939825
3839,23.718469
3840,23.782732
3841,23.779691
3842,23.764501
3843,23.757004
3844,23.763637
3845,25.011798
3846,31.128052
3847,38.896673
3848,32.432412
3849,28.777744
3850,22.895218
3851,22.879481
3852,22.864664
3853,22.860424
3854,22.872774
3855,23.023709
3856,23.114787
3857,40.858587
3858,41.487199
3859,47.001446
3860,46.973737
3861,48.368589
3862,46.255913
3863,23.814921
3864,23.797004
3865,23.786335
3866,23.781067
3867,23.774348
3868,23.780433
3869,25.060324
3870,29.486278
3871,42.648855
3872,36.008393
3873,35.906211
3874,30.04674
3875,30.022739
3876,30.005486
3877,29.969512
3878,29.927664
3879,30.037041
3880,30.028526
3881,40.740487
3882,37.790309
3883,43.348764
3884,43.338347
3885,44.754684
3886,39.081132
3887,23.765092
3888,23.695631
3889,23.660762
3890,23.638649
3891,23.69558
3892,23.729762
3893,27.143929
3894,40.777886
3895,42.633552
3896,29.051084
3897,28.946338
3898,23.09883
3899,22.984747
3900,22.964256
3901,23.001755
3902,23.045979
3903,23.194274
3904,23.076992
3905,40.785623
3906,44.926339
3907,54.052659
3908,54.095506
3909,48.218768
3910,38.898526
3911,23.693828
3912,23.681873
3913,23.636915
3914,23.620353
3915,23.691674
3916,23.713768
3917,27.080707
3918,40.70384
3919,42.507855
3920,28.912618
3921,28.80535
3922,22.935306
3923,22.853652
3924,22.937536
3925,22.961484
3926,22.963323
3927,23.043338
3928,22.866897
3929,40.686099
3930,44.814244
3931,53.930019
3932,53.931504
3933,48.046209
3934,38.711786
3935,23.507771
3936,23.462781
3937,23.427803
3938,23.4141
3939,23.468358
3940,23.483686
3941,26.895819
3942,40.512206
3943,42.344417
3944,28.756614
3945,28.667723
3946,22.800372
3947,22.698168
3948,22.726092
3949,22.712307
3950,22.726092
3951,22.85467
3952,22.666604
3953,40.476101
3954,44.602055
3955,53.672632
3956,53.662082
3957,47.842026
3958,38.498393
3959,23.286202
3960,23.280606
3961,23.263162
3962,23.241474
3963,23.293791
3964,23.296635
3965,26.694035
3966,40.323803
3967,42.17279
3968,28.585601
3969,28.503898
3970,22.664374
3971,22.579322
3972,22.621283
3973,22.651312
3974,22.658946
3975,22.816664
3976,22.654311
3977,40.440486
3978,44.56703
3979,53.664321
3980,53.639882
3981,47.812256
3982,38.478565
3983,23.279745
3984,23.265012
3985,23.230654
3986,23.212153
3987,23.261636
3988,23.266431
3989,26.649193
3990,40.291353
3991,42.093737
3992,28.394747
3993,28.287906
3994,22.473302
3995,22.474753
3996,22.585771
3997,22.551809
3998,22.584427
3999,22.742251
4000,22.590791
4001,40.404282
4002,44.53596
4003,53.627443
4004,53.600692
4005,47.722266
4006,38.404266
4007,23.230595
4008,23.249728
4009,23.215864
4010,23.178262
4011,23.152718
4012,23.176759
4013,24.436259
4014,30.687642
4015,38.341817
4016,31.799724
4017,28.137095
4018,22.318804
4019,22.379047
4020,22.44425
4021,22.48976
4022,22.404895
4023,22.556716
4024,22.537246
4025,40.369983
4026,40.954172
4027,46.504096
4028,46.458959
4029,47.837465
4030,45.711869
4031,23.297524
4032,23.277533
4033,23.254925
4034,23.208682
4035,23.173208
4036,23.183406
4037,24.460596
4038,28.917296
4039,41.989773
4040,35.495377
4041,35.418556
4042,29.589792
4043,29.610445
4044,29.634023
4045,29.653877
4046,29.671235
4047,29.844097
4048,29.829033
4049,40.56544
4050,37.570443
4051,43.052302
4052,42.955138
4053,44.358606
4054,38.688098
4055,23.363542
4056,23.283782
4057,23.274581
4058,23.264969
4059,23.318974
4060,23.322511
4061,26.699101
4062,40.347078
4063,42.202847
4064,28.633299
4065,28.573299
4066,22.733573
4067,22.660688
4068,22.710914
4069,22.698162
4070,22.695996
4071,22.855539
4072,22.692921
4073,40.492998
4074,44.582005
4075,53.676157
4076,53.651174
4077,47.821132
4078,38.487702
4079,23.294463
4080,23.280966
4081,23.288756
4082,23.303459
4083,23.366792
4084,23.370826
4085,26.748909
4086,40.374955
4087,42.245536
4088,28.668556
4089,28.634711
4090,22.821973
4091,22.731743
4092,22.772225
4093,22.811969
4094,22.819901
4095,22.963066
4096,22.823065
4097,40.606283
4098,44.740294
4099,53.854425
4100,53.87018
4101,48.010084
4102,38.685304
4103,23.517326
4104,23.525928
4105,23.497975
4106,23.477073
4107,23.534334
4108,23.538326
4109,26.944819
4110,40.580207
4111,42.441803
4112,28.888379
4113,28.822741
4114,22.948865
4115,22.855389
4116,22.895142
4117,22.910554
4118,22.906389
4119,23.033825
4120,22.845136
4121,40.641337
4122,44.80339
4123,53.938525
4124,53.987918
4125,48.132867
4126,38.81775
4127,23.633169
4128,23.610744
4129,23.584556
4130,23.573852
4131,23.639618
4132,23.649517
4133,27.052277
4134,40.686292
4135,42.562178
4136,29.022625
4137,28.941838
4138,23.052254
4139,22.957356
4140,22.977
4141,22.967606
4142,22.982279
4143,23.150091
4144,23.021371
4145,40.798215
4146,44.901257
4147,54.025137
4148,54.11125
4149,48.213123
4150,38.899458
4151,23.704296
4152,23.653441
4153,23.614368
4154,23.603147
4155,23.644455
4156,23.637603
4157,27.035259
4158,40.685171
4159,42.559918
4160,28.996627
4161,28.925817
4162,23.033189
4163,22.897055
4164,22.939796
4165,22.948297
4166,22.98518
4167,23.150341
4168,23.019752
4169,40.774871
4170,44.948411
4171,54.110025
4172,54.170902
4173,48.283056
4174,38.981119
4175,23.756573
4176,23.78426
4177,23.776642
4178,23.771214
4179,23.766469
4180,23.77086
4181,25.015003
4182,31.133173
4183,38.775215
4184,32.276846
4185,28.64562
4186,22.768989
4187,22.7846
4188,22.8281
4189,22.811471
4190,22.841946
4191,22.980836
4192,23.000361
4193,40.727799
4194,41.319414
4195,46.877118
4196,46.815682
4197,48.195506
4198,46.084692
4199,23.664655
4200,23.60644
4201,23.581424
4202,23.574742
4203,23.540745
4204,23.554734
4205,24.882529
4206,29.303209
4207,42.448666
4208,35.882529
4209,35.776577
4210,29.901794
4211,29.93711
4212,29.94568
4213,29.925328
4214,29.917258
4215,30.054043
4216,30.13442
4217,40.810632
4218,37.874019
4219,43.405525
4220,43.368881
4221,44.724401
4222,39.023034
4223,23.690147
4224,23.593092
4225,23.573022
4226,23.565855
4227,23.613832
4228,23.621019
4229,27.033341
4230,40.707459
4231,42.635976
4232,29.080697
4233,29.006492
4234,23.12752
4235,23.012045
4236,23.026827
4237,23.043637
4238,22.998921
4239,23.076632
4240,22.907991
4241,40.716447
4242,44.891034
4243,54.030906
4244,54.08815
4245,48.220368
4246,38.915735
4247,23.72492
4248,23.713875
4249,23.707861
4250,23.703301
4251,23.73372
4252,23.753351
4253,27.166436
4254,40.785731
4255,42.59375
4256,29.04001
4257,28.978776
4258,23.10374
4259,23.009595
4260,23.063587
4261,23.100686
4262,23.1015
4263,23.240358
4264,23.138411
4265,40.898848
4266,45.091092
4267,54.233024
4268,54.245555
4269,48.343057
4270,39.043222
4271,23.841552
4272,23.801341
4273,23.746704
4274,23.723609
4275,23.778615
4276,23.788151
4277,27.222493
4278,40.897918
4279,42.730651
4280,29.138531
4281,29.028939
4282,23.146785
4283,23.050762
4284,23.101393
4285,23.114038
4286,23.118044
4287,23.238775
4288,23.048285
4289,40.754645
4290,44.909176
4291,54.076465
4292,54.132473
4293,48.234259
4294,38.906806
4295,23.680156
4296,23.628299
4297,23.559502
4298,23.491474
4299,23.498035
4300,23.484115
4301,26.874579
4302,40.475158
4303,42.262602
4304,28.662398
4305,28.572144
4306,22.715733
4307,22.615846
4308,22.663078
4309,22.674031
4310,22.701516
4311,22.854167
4312,22.669304
4313,40.474045
4314,44.614062
4315,53.774298
4316,53.830495
4317,47.996292
4318,38.664338
4319,23.473281
4320,23.463113
4321,23.454767
4322,23.448242
4323,23.503715
4324,23.506653
4325,26.885539
4326,40.470123
4327,42.292772
4328,28.750987
4329,28.684204
4330,22.808213
4331,22.770665
4332,22.82478
4333,22.830327
4334,22.814723
4335,22.94844
4336,22.762336
4337,40.564669
4338,44.736613
4339,53.886751
4340,53.908232
4341,48.068873
4342,38.708763
4343,23.497423
4344,23.485418
4345,23.414781
4346,23.359131
4347,23.316274
4348,23.305607
4349,24.579276
4350,30.760996
4351,38.436622
4352,31.955274
4353,28.327841
4354,22.461945
4355,22.487872
4356,22.509002
4357,22.545317
4358,22.581671
4359,22.754668
4360,22.734306
4361,40.555271
4362,41.110275
4363,46.610643
4364,46.561755
4365,47.976423
4366,45.826045
4367,23.388304
4368,23.355147
4369,23.324925
4370,23.296656
4371,23.281468
4372,23.280511
4373,24.545402
4374,28.976853
4375,42.04447
4376,35.555322
4377,35.470266
4378,29.616207
4379,29.629157
4380,29.656793
4381,29.688717
4382,29.708349
4383,29.863659
4384,29.859695
4385,40.565425
4386,37.586135
4387,43.115118
4388,43.063782
4389,44.460339
4390,38.760561
4391,23.432469
4392,23.347162
4393,23.325095
4394,23.302957
4395,23.342603
4396,23.332268
4397,26.732602
4398,40.393972
4399,42.270633
4400,28.696133
4401,28.622501
4402,22.789318
4403,22.723206
4404,22.778909
4405,22.784486
4406,22.79607
4407,22.953842
4408,22.809359
4409,40.582952
4410,44.703472
4411,53.832609
4412,53.864631
4413,48.04312
4414,38.726538
4415,23.538799
4416,23.594407
4417,23.593008
4418,23.59736
4419,23.605887
4420,23.623096
4421,24.909339
4422,29.276732
4423,42.360134
4424,35.821237
4425,35.710068
4426,29.77369
4427,29.748862
4428,29.846313
4429,29.909738
4430,29.924749
4431,30.093241
4432,30.097822
4433,40.804826
4434,37.849999
4435,43.437337
4436,43.426995
4437,44.781159
4438,39.087309
4439,23.769615
4440,23.692755
4441,23.675031
4442,23.664775
4443,23.719689
4444,23.72215
4445,27.11181
4446,40.737225
4447,42.546857
4448,28.945166
4449,28.851506
4450,22.9658
4451,22.850709
4452,22.914916
4453,22.944353
4454,22.94788
4455,23.095191
4456,22.951287
4457,40.69088
4458,44.855728
4459,54.009889
4460,54.057097
4461,48.156551
4462,38.838606
4463,23.632234
4464,23.604072
4465,23.580175
4466,23.560059
4467,23.600773
4468,23.592932
4469,26.984456
4470,40.637872
4471,42.469981
4472,28.885402
4473,28.794282
4474,22.909155
4475,22.7929
4476,22.827662
4477,22.827504
4478,22.812128
4479,22.955667
4480,22.82173
4481,40.58275
4482,44.719831
4483,53.833517
4484,53.797961
4485,47.945303
4486,38.614347
4487,23.407098
4488,23.380969
4489,23.35935
4490,23.34014
4491,23.385809
4492,23.381927
4493,26.805383
4494,40.460088
4495,42.311712
4496,28.733438
4497,28.653477
4498,22.787258
4499,22.70924
4500,22.77113
4501,22.800876
4502,22.822316
4503,22.981851
4504,22.865927
4505,40.606423
4506,44.710481
4507,53.786458
4508,53.780081
4509,47.950163
4510,38.615973
4511,23.40012
4512,23.424693
4513,23.395113
4514,23.371751
4515,23.345478
4516,23.337951
4517,24.586881
4518,30.773086
4519,38.469815
4520,31.997412
4521,28.376388
4522,22.53354
4523,22.562089
4524,22.580681
4525,22.60306
4526,22.608773
4527,22.772066
4528,22.83365
4529,40.576645
4530,41.167519
4531,46.737574
4532,46.712191
4533,48.105283
4534,45.959308
4535,23.534831
4536,23.510622
4537,23.490267
4538,23.476009
4539,23.464894
4540,23.461999
4541,24.735896
4542,29.13669
4543,42.291082
4544,35.799756
4545,35.709734
4546,29.864751
4547,29.894992
4548,29.903555
4549,29.926664
4550,29.949022
4551,30.108299
4552,30.180536
4553,40.820311
4554,37.847548
4555,43.385368
4556,43.370312
4557,44.751211
4558,39.054965
4559,23.716141
4560,23.616739
4561,23.578044
4562,23.544364
4563,23.574972
4564,23.55266
4565,26.91693
4566,40.567604
4567,42.403139
4568,28.806182
4569,28.720567
4570,22.878609
4571,22.817828
4572,22.871534
4573,22.899623
4574,22.926591
4575,23.07333
4576,22.983942
4577,40.727855
4578,44.887402
4579,54.007879
4580,54.034632
4581,48.142042
4582,38.827185
4583,23.634116
4584,23.623321
4585,23.617906
4586,23.616437
4587,23.681259
4588,23.695315
4589,27.08853
4590,40.746222
4591,42.69403
4592,29.12957
4593,28.979959
4594,23.068836
4595,22.990115
4596,23.054515
4597,23.057843
4598,23.062639
4599,23.2167
4600,23.153396
4601,40.859521
4602,45.030015
4603,54.187331
4604,54.254806
4605,48.315856
4606,38.999216
4607,23.790998
4608,23.772217
4609,23.757182
4610,23.742307
4611,23.794197
4612,23.793111
4613,27.193636
4614,40.907578
4615,42.738512
4616,29.160441
4617,29.07523
4618,23.202334
4619,23.123578
4620,23.195463
4621,23.213031
4622,23.235571
4623,23.403629
4624,23.504522
4625,41.582844
4626,45.913919
4627,55.023957
4628,55.023957
4629,49.189424
4630,39.931557
4631,24.309118
4632,23.949698
4633,23.91302
4634,23.889086
4635,23.932354
4636,23.939097
4637,27.365438
4638,41.122947
4639,42.893842
4640,29.278423
4641,29.191466
4642,23.320763
4643,23.23293
4644,23.27344
4645,23.28506
4646,23.349835
4647,23.719237
4648,24.145433
4649,41.833518
4650,45.923748
4651,55.023957
4652,55.023957
4653,49.189424
4654,39.931557
4655,24.860358
4656,24.711703
4657,24.288061
4658,24.014036
4659,24.040493
4660,24.041936
4661,27.484427
4662,41.642578
4663,43.634033
4664,29.772281
4665,29.501649
4666,23.434306
4667,23.242865
4668,23.253729
4669,23.282558
4670,23.289731
4671,23.43384
4672,24.133554
4673,41.833518
4674,45.923748
4675,55.023957
4676,55.023957
4677,49.189424
4678,39.931557
4679,24.778828
4680,24.359187
4681,24.070256
4682,24.032987
4683,24.010643
4684,24.023589
4685,25.289586
4686,31.513508
4687,39.13359
4688,32.584333
4689,28.929831
4690,23.043586
4691,23.033764
4692,23.020568
4693,23.012678
4694,23.033213
4695,23.124877
4696,23.146653
4697,40.957933
4698,41.613941
4699,47.201968
4700,47.19294
4701,48.529777
4702,46.382983
4703,23.874487
4704,23.854458
4705,23.836532
4706,23.821552
4707,23.810497
4708,23.817688
4709,25.118446
4710,29.557178
4711,42.714265
4712,36.094026
4713,35.971193
4714,30.099272
4715,30.090362
4716,30.09709
4717,30.107322
4718,30.091419
4719,30.262365
4720,30.315193
4721,40.929249
4722,37.898653
4723,43.448609
4724,43.453557
4725,44.856955
4726,39.178446
4727,23.830041
4728,23.744896
4729,23.71683
4730,23.693499
4731,23.731435
4732,23.726525
4733,27.137838
4734,40.825024
4735,42.647896
4736,29.049479
4737,28.956168
4738,23.084401
4739,22.956503
4740,22.962754
4741,22.945955
4742,22.926694
4743,23.103632
4744,23.002674
4745,40.700572
4746,44.852384
4747,53.941913
4748,53.90813
4749,48.041405
4750,38.697153
4751,23.476036
4752,23.448407
4753,23.423928
4754,23.403846
4755,23.44803
4756,23.444183
4757,26.865307
4758,40.557987
4759,42.414565
4760,28.837316
4761,28.747399
4762,22.885162
4763,22.822039
4764,22.863923
4765,22.882694
4766,22.8812
4767,23.01721
4768,22.931619
4769,40.660358
4770,44.812438
4771,53.915798
4772,53.899007
4773,48.03459
4774,38.699447
4775,23.495827
4776,23.468011
4777,23.449002
4778,23.438563
4779,23.492161
4780,23.47237
4781,26.852827
4782,40.560134
4783,42.467806
4784,28.886955
4785,28.779848
4786,22.897371
4787,22.810528
4788,22.866072
4789,22.879692
4790,22.888008
4791,23.059496
4792,22.992493
4793,40.70475
4794,44.887513
4795,54.019471
4796,54.043415
4797,48.135206
4798,38.817101
4799,23.612955
4800,23.579668
4801,23.554234
4802,23.53965
4803,23.583563
4804,23.586842
4805,26.994413
4806,40.638279
4807,42.483625
4808,28.912182
4809,28.836056
4810,22.972985
4811,22.859632
4812,22.978175
4813,22.941296
4814,22.90602
4815,23.067002
4816,22.884002
4817,40.643555
4818,44.800095
4819,53.971574
4820,54.055114
4821,48.191387
4822,38.885198
4823,23.687128
4824,23.656791
4825,23.628512
4826,23.607978
4827,23.653064
4828,23.652917
4829,27.015392
4830,40.630191
4831,42.436095
4832,28.892784
4833,28.849874
4834,22.979689
4835,22.892264
4836,22.960768
4837,22.976717
4838,22.951636
4839,23.083985
4840,22.974175
4841,40.695913
4842,44.879884
4843,54.029292
4844,54.069266
4845,48.149322
4846,38.818155
4847,23.618816
4848,23.657332
4849,23.642878
4850,23.634961
4851,23.629489
4852,23.637093
4853,24.897626
4854,31.132989
4855,38.877749
4856,32.397094
4857,28.768318
4858,22.880186
4859,22.890961
4860,22.916255
4861,22.74144
4862,22.672241
4863,22.883617
4864,22.932855
4865,40.768394
4866,41.365749
4867,46.906797
4868,46.871205
4869,48.290778
4870,46.171057
4871,23.738052
4872,23.722277
4873,23.707026
4874,23.697942
4875,23.693279
4876,23.700833
4877,24.984749
4878,29.366073
4879,42.508269
4880,35.916262
4881,35.789819
4882,29.883199
4883,29.862144
4884,29.886173
4885,29.915678
4886,29.913421
4887,30.049333
4888,30.102303
4889,40.787773
4890,37.853946
4891,43.393504
4892,43.368038
4893,44.764655
4894,39.086222
4895,23.761091
4896,23.683164
4897,23.660832
4898,23.645912
4899,23.695477
4900,23.695863
4901,27.096728
4902,40.784203
4903,42.644784
4904,29.044953
4905,28.972308
4906,23.120673
4907,23.02188
4908,23.051332
4909,23.037804
4910,23.03312
4911,23.198021
4912,23.106993
4913,40.837849
4914,45.022135
4915,54.222813
4916,54.279475
4917,48.358148
4918,38.975004
4919,23.728414
4920,23.707367
4921,23.68947
4922,23.674041
4923,23.722941
4924,23.727261
4925,27.110729
4926,40.751579
4927,42.576132
4928,29.017131
4929,28.937939
4930,23.065072
4931,22.977507
4932,23.042023
4933,23.063973
4934,23.043098
4935,23.174248
4936,23.094186
4937,40.848719
4938,45.041973
4939,54.197204
4940,54.260046
4941,48.31781
4942,38.996855
4943,23.782156
4944,23.744131
4945,23.705626
4946,23.671704
4947,23.705877
4948,23.692319
4949,27.075859
4950,40.719203
4951,42.536403
4952,28.9731
4953,28.922518
4954,23.043895
4955,22.946635
4956,23.014343
4957,23.045931
4958,23.064951
4959,23.230162
4960,23.120359
4961,40.854201
4962,45.036774
4963,54.180704
4964,54.255974
4965,48.346673
4966,39.006369
4967,23.781071
4968,23.754792
4969,23.726705
4970,23.70193
4971,23.746499
4972,23.742027
4973,27.152593
4974,40.850858
4975,42.700722
4976,29.107735
4977,29.026265
4978,23.160868
4979,23.098924
4980,23.133654
4981,23.116481
4982,23.126093
4983,23.272515
4984,23.18949
4985,40.916594
4986,45.076281
4987,54.212985
4988,54.295294
4989,48.366047
4990,39.051796
4991,23.849264
4992,23.830441
4993,23.811065
4994,23.795268
4995,23.847499
4996,23.855561
4997,27.275482
4998,40.963709
4999,42.742379
5000,29.146162
5001,29.001281
5002,23.074631
5003,23.001594
5004,23.056579
5005,23.057685
5006,23.079133
5007,23.236187
5008,23.142483
5009,40.86533
5010,45.004723
5011,54.12558
5012,54.183565
5013,48.26769
5014,38.937458
5015,23.719967
5016,23.747616
5017,23.719948
5018,23.697759
5019,23.679313
5020,23.670523
5021,24.940974
5022,31.201208
5023,38.873346
5024,32.345713
5025,28.688926
5026,22.826078
5027,22.850252
5028,22.875023
5029,22.898272
5030,22.90404
5031,23.072914
5032,23.17345
5033,40.891655
5034,41.52911
5035,47.114044
5036,47.092525
5037,48.449366
5038,46.325734
5039,23.846607
5040,23.807781
5041,23.773055
5042,23.740949
5043,23.713238
5044,23.69816
5045,25.027954
5046,29.473956
5047,42.676772
5048,36.055954
5049,35.919415
5050,30.04246
5051,30.051392
5052,30.051325
5053,30.073537
5054,30.078909
5055,30.220754
5056,30.308317
5057,40.97169
5058,38.026431
5059,43.600545
5060,43.595596
5061,44.955065
5062,39.251604
5063,23.893899
5064,23.81069
5065,23.778387
5066,23.752199
5067,23.78961
5068,23.781922
5069,27.214843
5070,40.945656
5071,42.724899
5072,29.090461
5073,28.990251
5074,23.125477
5075,23.03067
5076,23.065214
5077,23.056029
5078,23.097851
5079,23.283234
5080,23.212934
5081,40.95409
5082,45.157287
5083,54.316437
5084,54.371311
5085,48.404579
5086,39.022363
5087,23.780495
5088,23.766411
5089,23.760312
5090,23.728865
5091,23.748791
5092,23.772112
5093,27.186929
5094,40.898135
5095,42.774836
5096,29.175534
5097,29.075327
5098,23.227331
5099,23.156812
5100,23.205565
5101,23.243698
5102,23.24329
5103,23.370079
5104,23.364516
5105,41.404843
5106,45.729891
5107,54.934343
5108,54.96027
5109,48.830557
5110,39.13737
5111,23.860539
5112,23.83691
5113,23.828375
5114,23.820856
5115,23.875938
5116,23.887291
5117,27.305852
5118,40.971878
5119,42.677379
5120,29.090465
5121,29.049048
5122,23.220413
5123,23.177696
5124,23.241693
5125,23.245005
5126,23.205317
5127,23.294034
5128,23.117452
5129,40.866123
5130,45.044128
5131,54.142459
5132,54.13857
5133,48.178715
5134,38.817214
5135,23.587489
5136,23.558491
5137,23.498716
5138,23.453532
5139,23.502829
5140,23.522273
5141,26.953617
5142,40.620155
5143,42.490328
5144,28.9685
5145,28.943568
5146,23.11751
5147,23.052399
5148,23.095698
5149,23.168287
5150,23.19248
5151,23.355287
5152,23.287429
5153,41.051267
5154,45.423472
5155,54.795547
5156,54.830905
5157,48.517659
5158,39.041898
5159,23.813328
5160,23.790819
5161,23.77187
5162,23.730172
5163,23.779361
5164,23.782303
5165,27.190604
5166,40.918416
5167,42.767942
5168,29.167108
5169,29.083419
5170,23.219655
5171,23.134278
5172,23.183157
5173,23.166993
5174,23.165365
5175,23.31488
5176,23.230777
5177,41.05345
5178,45.301301
5179,54.315855
5180,54.351058
5181,48.382133
5182,39.058783
5183,23.831202
5184,23.844621
5185,23.826541
5186,23.848188
5187,23.851366
5188,23.835129
5189,25.115072
5190,31.323067
5191,38.977932
5192,32.461106
5193,28.81731
5194,22.942224
5195,22.9601
5196,22.989518
5197,22.978472
5198,22.982724
5199,23.138772
5200,23.175552
5201,40.93578
5202,41.530374
5203,47.056003
5204,47.017467
5205,48.365144
5206,46.231004
5207,23.765808
5208,23.71364
5209,23.680666
5210,23.667352
5211,23.650652
5212,23.621112
5213,24.820805
5214,29.179443
5215,42.289704
5216,35.714497
5217,35.602196
5218,29.743599
5219,29.782689
5220,29.770764
5221,29.787514
5222,29.778883
5223,29.916712
5224,29.911127
5225,40.583618
5226,37.571972
5227,43.097551
5228,43.072903
5229,44.506564
5230,38.82023
5231,23.488541
5232,23.382113
5233,23.341202
5234,23.323019
5235,23.354595
5236,23.335662
5237,26.723309
5238,40.379886
5239,42.245326
5240,28.679439
5241,28.590154
5242,22.729796
5243,22.641756
5244,22.706007
5245,22.723269
5246,22.727546
5247,22.880823
5248,22.700606
5249,40.511775
5250,44.61553
5251,53.725918
5252,53.76796
5253,47.921404
5254,38.595566
5255,23.392863
5256,23.359261
5257,23.341709
5258,23.318159
5259,23.33013
5260,23.317665
5261,26.729223
5262,40.404664
5263,42.263693
5264,28.701509
5265,28.614037
5266,22.761636
5267,22.675017
5268,22.731141
5269,22.760574
5270,22.77231
5271,22.940452
5272,22.796507
5273,40.544005
5274,44.662325
5275,53.796121
5276,53.818609
5277,47.956703
5278,38.62028
5279,23.423233
5280,23.399867
5281,23.367196
5282,23.348608
5283,23.364095
5284,23.346534
5285,26.72111
5286,40.400849
5287,42.294583
5288,28.755775
5289,28.697058
5290,22.846286
5291,22.75983
5292,22.818847
5293,22.858442
5294,22.865123
5295,22.997175
5296,22.883224
5297,40.651821
5298,44.79263
5299,53.896186
5300,53.910965
5301,48.031606
5302,38.671849
5303,23.451123
5304,23.412518
5305,23.392663
5306,23.373291
5307,23.431432
5308,23.439297
5309,26.831616
5310,40.51475
5311,42.418285
5312,28.871449
5313,28.813833
5314,22.950925
5315,22.880169
5316,22.936056
5317,22.955422
5318,22.977717
5319,23.111952
5320,23.011288
5321,40.810616
5322,44.965105
5323,54.034414
5324,54.016096
5325,48.124679
5326,38.815156
5327,23.599915
5328,23.58243
5329,23.57027
5330,23.558434
5331,23.614338
5332,23.617232
5333,27.021548
5334,40.68736
5335,42.543219
5336,28.944974
5337,28.872811
5338,23.00379
5339,22.930782
5340,22.974146
5341,22.943595
5342,22.919468
5343,23.083231
5344,22.935961
5345,40.67788
5346,44.822213
5347,53.925599
5348,53.96835
5349,48.121502
5350,38.836075
5351,23.635889
5352,23.662254
5353,23.623984
5354,23.602653
5355,23.598032
5356,23.601528
5357,24.862364
5358,31.03394
5359,38.756913
5360,32.312037
5361,28.67839
5362,22.807932
5363,22.82894
5364,22.818341
5365,22.825246
5366,22.85434
5367,23.019255
5368,23.045142
5369,40.767054
5370,41.307279
5371,46.876157
5372,46.880592
5373,48.244803
5374,46.133791
5375,23.708384
5376,23.687391
5377,23.679158
5378,23.672977
5379,23.667243
5380,23.671373
5381,24.917966
5382,29.307046
5383,42.454487
5384,35.848169
5385,35.72459
5386,29.812959
5387,29.83318
5388,29.892904
5389,29.904828
5390,29.910325
5391,30.01779
5392,29.998252
5393,40.696041
5394,37.728796
5395,43.269295
5396,43.270736
5397,44.69699
5398,39.021089
5399,23.709143
5400,23.640993
5401,23.634842
5402,23.610763
5403,23.650557
5404,23.642213
5405,27.013804
5406,40.632957
5407,42.445144
5408,28.84292
5409,28.750922
5410,22.850393
5411,22.747911
5412,22.787994
5413,22.798105
5414,22.842452
5415,22.997998
5416,22.795326
5417,40.560893
5418,44.693702
5419,53.804157
5420,53.821577
5421,48.007683
5422,38.733824
5423,23.539117
5424,23.512136
5425,23.506233
5426,23.50052
5427,23.557134
5428,23.5709
5429,26.971076
5430,40.619562
5431,42.498416
5432,28.949269
5433,28.900929
5434,23.03425
5435,22.963552
5436,22.999064
5437,23.01356
5438,23.030424
5439,23.182924
5440,23.046197
5441,40.769709
5442,44.917341
5443,54.042548
5444,54.09731
5445,48.201866
5446,38.905701
5447,23.726317
5448,23.715817
5449,23.710584
5450,23.699936
5451,23.743524
5452,23.651526
5453,26.994744
5454,40.631731
5455,42.458084
5456,28.893435
5457,28.810548
5458,22.996631
5459,22.957432
5460,23.003239
5461,22.994154
5462,22.912484
5463,23.018489
5464,22.870575
5465,40.701372
5466,44.825252
5467,53.945054
5468,54.014428
5469,48.162137
5470,38.834268
5471,23.632294
5472,23.622025
5473,23.616679
5474,23.61288
5475,23.691497
5476,23.716958
5477,27.110925
5478,40.73719
5479,42.571132
5480,28.987044
5481,28.888404
5482,23.035285
5483,22.968762
5484,23.030606
5485,23.044457
5486,23.06848
5487,23.2393
5488,23.098523
5489,40.850744
5490,44.982878
5491,54.084232
5492,54.129506
5493,48.211792
5494,38.861193
5495,23.653186
5496,23.64171
5497,23.615609
5498,23.573506
5499,23.590881
5500,23.565412
5501,26.936756
5502,40.526972
5503,42.323031
5504,28.732104
5505,28.627137
5506,22.756651
5507,22.683512
5508,22.76063
5509,22.806307
5510,22.861158
5511,23.033664
5512,22.876039
5513,40.653457
5514,44.796175
5515,53.942657
5516,53.985717
5517,48.139873
5518,38.836732
5519,23.666021
5520,23.704482
5521,23.677357
5522,23.68454
5523,23.712257
5524,23.646351
5525,24.833993
5526,30.952172
5527,38.589714
5528,32.097919
5529,28.45398
5530,22.587522
5531,22.654521
5532,22.719909
5533,22.713774
5534,22.663066
5535,22.775236
5536,22.75609
5537,40.521487
5538,41.084866
5539,46.643959
5540,46.614461
5541,48.025956
5542,45.891735
5543,23.479552
5544,23.469784
5545,23.449224
5546,23.389697
5547,23.400456
5548,23.399866
5549,24.638866
5550,29.024952
5551,42.102084
5552,35.595967
5553,35.500146
5554,29.668534
5555,29.711021
5556,29.7504
5557,29.786502
5558,29.8032
5559,29.942769
5560,29.921354
5561,40.631374
5562,37.631685
5563,43.163593
5564,43.144796
5565,44.568898
5566,38.875027
5567,23.584276
5568,23.532779
5569,23.527084
5570,23.512871
5571,23.563268
5572,23.549065
5573,26.933063
5574,40.600588
5575,42.495834
5576,28.950923
5577,28.933852
5578,23.109605
5579,23.033039
5580,23.11104
5581,23.118477
5582,23.13819
5583,23.279506
5584,23.149621
5585,40.889115
5586,45.051401
5587,54.186145
5588,54.255083
5589,48.322216
5590,38.962566
5591,23.748628
5592,23.737056
5593,23.731617
5594,23.727527
5595,23.806386
5596,23.807705
5597,27.223903
5598,40.883493
5599,42.719023
5600,29.135962
5601,29.044633
5602,23.167229
5603,23.074253
5604,23.12979
5605,23.138727
5606,23.196706
5607,23.352913
5608,23.289505
5609,41.00909
5610,45.156586
5611,54.225438
5612,54.239773
5613,48.26891
5614,38.923288
5615,23.74215
5616,23.719569
5617,23.699443
5618,23.692829
5619,23.749578
5620,23.730211
5621,27.111469
5622,40.762804
5623,42.551621
5624,28.926263
5625,28.848383
5626,23.000206
5627,22.937201
5628,22.92157
5629,22.898252
5630,22.929397
5631,23.092746
5632,22.923685
5633,40.677084
5634,44.816872
5635,53.942234
5636,53.997028
5637,48.157316
5638,38.855782
5639,23.649321
5640,23.627381
5641,23.61368
5642,23.63216
5643,23.707392
5644,23.684282
5645,27.07473
5646,40.709422
5647,42.518953
5648,28.964134
5649,28.903251
5650,23.050167
5651,22.97574
5652,23.029584
5653,23.034682
5654,22.984784
5655,23.158743
5656,23.01226
5657,40.746286
5658,44.870693
5659,53.997499
5660,54.070634
5661,48.189323
5662,38.866194
5663,23.638901
5664,23.596062
5665,23.551046
5666,23.52847
5667,23.58477
5668,23.587996
5669,26.972385
5670,40.60336
5671,42.445233
5672,28.863634
5673,28.800598
5674,22.930977
5675,22.87056
5676,22.92961
5677,22.925588
5678,22.948333
5679,23.113065
5680,22.972462
5681,40.738459
5682,44.852033
5683,53.925425
5684,53.960379
5685,48.087388
5686,38.754868
5687,23.565249
5688,23.60524
5689,23.601127
5690,23.591682
5691,23.563516
5692,23.555483
5693,24.806491
5694,30.979722
5695,38.682485
5696,32.21236
5697,28.615016
5698,22.745569
5699,22.784305
5700,22.814773
5701,22.812098
5702,22.803538
5703,22.955395
5704,22.986025
5705,40.743731
5706,41.305848
5707,46.833845
5708,46.818831
5709,48.228147
5710,46.106733
5711,23.687766
5712,23.666573
5713,23.653502
5714,23.638524
5715,23.60984
5716,23.602865
5717,24.846662
5718,29.212037
5719,42.33692
5720,35.749432
5721,35.578409
5722,29.733334
5723,29.800541
5724,29.835349
5725,29.836458
5726,29.819776
5727,29.97659
5728,30.006929
5729,40.696971
5730,37.684775
5731,43.220469
5732,43.215792
5733,44.647087
5734,38.973838
5735,23.649244
5736,23.565741
5737,23.552544
5738,23.536492
5739,23.569937
5740,23.562485
5741,26.938673
5742,40.574744
5743,42.401975
5744,28.838561
5745,28.789099
5746,22.985635
5747,22.884915
5748,22.904966
5749,22.888728
5750,22.88797
5751,23.018801
5752,22.841781
5753,40.605236
5754,44.707487
5755,53.837635
5756,53.888563
5757,48.04841
5758,38.734439
5759,23.51465
5760,23.485254
5761,23.449932
5762,23.426874
5763,23.482465
5764,23.473483
5765,26.841766
5766,40.486812
5767,42.368186
5768,28.833422
5769,28.792807
5770,22.964068
5771,22.900074
5772,22.963864
5773,22.937894
5774,22.913973
5775,23.047673
5776,22.889403
5777,40.650308
5778,44.773514
5779,53.894854
5780,53.910994
5781,48.044636
5782,38.731782
5783,23.531904
5784,23.514791
5785,23.503815
5786,23.49598
5787,23.552379
5788,23.527293
5789,26.886977
5790,40.524024
5791,42.379768
5792,28.827316
5793,28.756586
5794,22.939712
5795,22.843485
5796,22.890551
5797,22.914967
5798,22.90462
5799,23.043459
5800,22.905984
5801,40.641398
5802,44.763286
5803,53.893588
5804,53.909272
5805,48.044081
5806,38.72179
5807,23.505915
5808,23.481865
5809,23.464007
5810,23.451145
5811,23.478778
5812,23.463234
5813,26.846673
5814,40.488621
5815,42.349513
5816,28.813925
5817,28.770403
5818,22.979557
5819,22.895917
5820,22.931704
5821,22.938205
5822,22.952132
5823,23.101752
5824,22.988189
5825,40.736669
5826,44.854931
5827,53.965619
5828,54.000655
5829,48.148486
5830,38.837514
5831,23.627102
5832,23.623085
5833,23.614635
5834,23.594623
5835,23.637953
5836,23.63632
5837,27.014545
5838,40.699862
5839,42.640392
5840,29.09289
5841,29.012676
5842,23.161856
5843,23.076758
5844,23.108341
5845,23.128704
5846,23.120617
5847,23.271255
5848,23.19976
5849,40.931205
5850,45.071224
5851,54.170064
5852,54.222793
5853,48.273259
5854,38.927652
5855,23.696464
5856,23.726517
5857,23.737221
5858,23.72196
5859,23.676469
5860,23.656029
5861,24.910837
5862,31.141971
5863,38.901363
5864,32.42652
5865,28.812235
5866,22.928306
5867,22.921051
5868,22.933959
5869,22.943328
5870,22.955247
5871,23.128731
5872,23.223125
5873,40.944926
5874,41.496605
5875,47.006364
5876,46.984135
5877,48.363043
5878,46.247071
5879,23.770476
5880,23.755477
5881,23.736993
5882,23.717671
5883,23.71089
5884,23.679542
5885,24.939464
5886,29.36743
5887,42.589971
5888,36.027841
5889,35.918417
5890,30.019862
5891,30.051055
5892,30.080868
5893,30.065047
5894,30.071364
5895,30.225316
5896,30.266027
5897,40.929879
5898,37.968053
5899,43.549272
5900,43.52314
5901,44.871287
5902,39.198913
5903,23.881759
5904,23.844988
5905,23.818389
5906,23.782481
5907,23.730661
5908,23.720864
5909,24.980884
5910,29.324804
5911,42.396308
5912,35.790129
5913,35.675336
5914,29.810694
5915,29.833514
5916,29.821853
5917,29.771541
5918,29.755962
5919,29.893398
5920,29.863375
5921,40.547986
5922,37.549287
5923,43.102119
5924,43.092086
5925,44.495101
5926,38.808911
5927,23.464705
5928,23.374817
5929,23.332442
5930,23.288379
5931,23.311817
5932,23.307999
5933,26.682153
5934,40.313152
5935,42.151975
5936,28.56686
5937,28.525224
5938,22.704631
5939,22.656679
5940,22.736585
5941,22.7769
5942,22.788758
5943,22.90911
5944,22.705795
5945,40.488864
5946,44.580322
5947,53.677829
5948,53.648496
5949,47.800355
5950,38.459274
5951,23.265269
5952,23.245977
5953,23.226199
5954,23.193693
5955,23.21943
5956,23.216248
5957,26.593063
5958,40.287536
5959,42.093955
5960,28.463901
5961,28.463499
5962,22.677226
5963,22.672241
5964,22.785946
5965,22.831594
5966,22.853201
5967,23.010764
5968,22.913091
5969,40.647161
5970,44.737158
5971,53.843514
5972,53.875299
5973,48.038324
5974,38.727253
5975,23.508427
5976,23.479327
5977,23.443898
5978,23.42079
5979,23.475544
5980,23.477489
5981,26.85182
5982,40.498936
5983,42.391866
5984,28.859487
5985,28.831182
5986,22.984422
5987,22.908969
5988,22.977259
5989,22.988406
5990,22.980348
5991,23.122863
5992,22.988722
5993,40.717882
5994,44.837347
5995,53.971565
5996,54.053065
5997,48.183601
5998,38.865473
5999,23.635584
6000,23.5974
6001,23.583693
6002,23.593562
6003,23.643836
6004,23.609456
6005,26.969942
6006,40.639998
6007,42.510871
6008,28.959132
6009,28.899904
6010,23.025872
6011,22.95084
6012,23.002833
6013,22.999369
6014,22.994783
6015,23.138974
6016,23.016625
6017,40.770173
6018,44.923819
6019,54.062623
6020,54.105495
6021,48.205822
6022,38.862142
6023,23.621403
6024,23.648773
6025,23.640198
6026,23.643362
6027,23.662326
6028,23.70498
6029,24.956463
6030,31.109964
6031,38.768679
6032,32.284934
6033,28.681388
6034,22.816192
6035,22.827921
6036,22.828716
6037,22.830135
6038,22.853175
6039,22.99529
6040,23.021663
6041,40.780727
6042,41.364848
6043,46.933261
6044,46.931532
6045,48.334595
6046,46.247271
6047,23.834621
6048,23.822099
6049,23.815568
6050,23.811986
6051,23.787234
6052,23.806024
6053,25.073098
6054,29.342027
6055,42.390377
6056,35.788877
6057,35.683533
6058,29.81303
6059,29.812612
6060,29.840718
6061,29.916219
6062,29.951382
6063,30.081813
6064,30.064521
6065,40.71881
6066,37.709337
6067,43.273694
6068,43.302182
6069,44.720347
6070,39.03045
6071,23.71857
6072,23.67984
6073,23.691651
6074,23.688301
6075,23.747688
6076,23.755684
6077,27.148381
6078,40.789813
6079,42.653035
6080,29.098677
6081,29.035274
6082,23.180321
6083,23.087663
6084,23.128639
6085,23.138158
6086,23.139198
6087,23.283285
6088,23.174478
6089,40.918382
6090,45.067588
6091,54.175581
6092,54.215735
6093,48.28961
6094,38.96762
6095,23.646611
6096,23.562069
6097,23.55188
6098,23.544568
6099,23.600495
6100,23.602791
6101,26.976792
6102,40.597944
6103,42.418663
6104,28.830767
6105,28.686238
6106,22.789712
6107,22.747704
6108,22.816461
6109,22.798823
6110,22.772738
6111,22.931432
6112,22.768777
6113,40.489513
6114,44.558182
6115,53.654674
6116,53.706453
6117,47.901
6118,38.560315
6119,23.323392
6120,23.267765
6121,23.250403
6122,23.232808
6123,23.280131
6124,23.279271
6125,26.654851
6126,40.306084
6127,42.196955
6128,28.633119
6129,28.620796
6130,22.81607
6131,22.719323
6132,22.82265
6133,22.823672
6134,22.776378
6135,23.037219
6136,22.91582
6137,40.589357
6138,44.621332
6139,53.688586
6140,53.680786
6141,47.854022
6142,38.548019
6143,23.365527
6144,23.350893
6145,23.335616
6146,23.307018
6147,23.360668
6148,23.362933
6149,26.723486
6150,40.407633
6151,42.281593
6152,28.700623
6153,28.64408
6154,22.785529
6155,22.65942
6156,22.684323
6157,22.685926
6158,22.698157
6159,22.806089
6160,22.629419
6161,40.415098
6162,44.521171
6163,53.642458
6164,53.656982
6165,47.853536
6166,38.509987
6167,23.312489
6168,23.247776
6169,23.217852
6170,23.194988
6171,23.221228
6172,23.223286
6173,26.593817
6174,40.290852
6175,42.104924
6176,28.424874
6177,28.358041
6178,22.545528
6179,22.49757
6180,22.546598
6181,22.560829
6182,22.55231
6183,22.689667
6184,22.50895
6185,40.235699
6186,44.336424
6187,53.453114
6188,53.506967
6189,47.731747
6190,38.418478
6191,23.189158
6192,23.166488
6193,23.117889
6194,23.076343
6195,23.051359
6196,23.04971
6197,24.294456
6198,30.509984
6199,38.12101
6200,31.585846
6201,27.975066
6202,22.180262
6203,22.263463
6204,22.288894
6205,22.313857
6206,22.346006
6207,22.510035
6208,22.495391
6209,40.236211
6210,40.805532
6211,46.428062
6212,46.412743
6213,47.787339
6214,45.671819
6215,23.196123
6216,23.144
6217,23.116761
6218,23.093785
6219,23.075531
6220,23.080134
6221,24.348335
6222,28.788055
6223,41.946522
6224,35.460367
6225,35.404113
6226,29.641471
6227,29.709377
6228,29.785863
6229,29.801045
6230,29.792641
6231,29.940161
6232,29.987472
6233,40.550401
6234,37.471867
6235,42.98875
6236,42.957192
6237,44.335508
6238,38.632155
6239,23.315574
6240,23.234082
6241,23.218388
6242,23.210263
6243,23.254744
6244,23.252114
6245,26.634333
6246,40.298193
6247,42.177726
6248,28.619313
6249,28.624159
6250,22.811209
6251,22.766278
6252,22.852507
6253,22.871908
6254,22.864198
6255,22.991898
6256,22.85462
6257,40.543118
6258,44.598306
6259,53.711521
6260,53.741767
6261,47.913798
6262,38.590564
6263,23.389849
6264,23.361058
6265,23.348156
6266,23.341235
6267,23.381711
6268,23.359048
6269,26.739156
6270,40.38095
6271,42.266454
6272,28.728084
6273,28.728167
6274,22.944812
6275,22.90634
6276,23.003134
6277,23.035599
6278,22.989631
6279,23.101054
6280,22.983307
6281,40.668948
6282,44.747886
6283,53.850652
6284,53.895298
6285,48.037778
6286,38.729694
6287,23.530181
6288,23.516656
6289,23.489425
6290,23.470169
6291,23.505309
6292,23.494603
6293,26.863508
6294,40.462889
6295,42.318005
6296,28.740726
6297,28.661395
6298,22.786655
6299,22.651149
6300,22.565245
6301,22.473479
6302,22.439909
6303,22.561012
6304,22.387957
6305,40.182791
6306,44.326975
6307,53.472587
6308,53.491405
6309,47.669488
6310,38.358783
6311,23.152336
6312,23.125705
6313,23.107186
6314,23.076907
6315,23.10028
6316,23.083168
6317,26.440181
6318,40.201462
6319,41.960881
6320,28.246275
6321,28.163917
6322,22.355939
6323,22.334376
6324,22.45111
6325,22.455861
6326,22.467408
6327,22.624243
6328,22.466971
6329,40.195602
6330,44.322437
6331,53.547841
6332,53.567532
6333,47.683703
6334,38.339117
6335,23.094547
6336,23.053836
6337,23.024484
6338,23.00094
6339,23.05426
6340,23.076197
6341,26.474122
6342,40.229354
6343,41.993874
6344,28.251033
6345,28.16103
6346,22.386414
6347,22.39027
6348,22.620024
6349,22.795844
6350,22.849812
6351,23.01067
6352,22.895755
6353,40.61173
6354,44.736841
6355,53.866041
6356,53.909937
6357,48.102018
6358,38.811885
6359,23.650861
6360,23.712871
6361,23.700785
6362,23.69337
6363,23.671194
6364,23.687311
6365,24.918151
6366,31.040549
6367,38.735449
6368,32.276394
6369,28.653236
6370,22.752698
6371,22.720538
6372,22.651827
6373,22.615379
6374,22.586102
6375,22.666021
6376,22.609647
6377,40.359163
6378,40.911593
6379,46.480475
6380,46.479096
6381,47.923295
6382,45.819505
6383,23.419788
6384,23.392894
6385,23.364302
6386,23.331139
6387,23.282931
6388,23.273643
6389,24.515061
6390,28.893227
6391,41.874803
6392,35.349259
6393,35.212711
6394,29.361692
6395,29.384913
6396,29.394373
6397,29.41478
6398,29.437026
6399,29.591589
6400,29.593581
6401,40.287904
6402,37.309306
6403,42.874288
6404,42.830626
6405,44.222998
6406,38.5468
6407,23.215245
6408,23.139233
6409,23.09908
6410,23.068837
6411,23.106578
6412,23.111356
6413,26.500411
6414,40.235735
6415,41.957261
6416,28.214661
6417,28.109921
6418,22.21612
6419,22.099766
6420,22.115521
6421,22.113577
6422,22.110607
6423,22.254037
6424,22.140012
6425,39.929904
6426,44.16319
6427,53.357951
6428,53.413106
6429,47.47939
6430,38.114764
6431,22.944018
6432,22.928169
6433,22.915759
6434,22.907704
6435,22.964456
6436,22.972018
6437,26.358569
6438,40.064354
6439,41.829305
6440,28.203823
6441,28.124893
6442,22.288207
6443,22.210382
6444,22.280878
6445,22.324073
6446,22.338889
6447,22.502004
6448,22.351219
6449,40.220507
6450,44.331929
6451,53.483772
6452,53.503683
6453,47.635489
6454,38.252657
6455,23.029961
6456,22.994464
6457,22.977834
6458,22.965113
6459,23.021627
6460,23.026249
6461,26.421911
6462,40.156744
6463,41.941128
6464,28.335056
6465,28.339813
6466,22.556381
6467,22.569986
6468,22.677008
6469,22.728495
6470,22.756632
6471,22.795304
6472,22.625309
6473,40.421409
6474,44.542232
6475,53.655597
6476,53.595387
6477,47.748201
6478,38.426013
6479,23.240245
6480,23.217211
6481,23.183215
6482,23.152892
6483,23.188639
6484,23.186103
6485,26.560586
6486,40.289114
6487,42.041746
6488,28.307744
6489,28.287168
6490,22.514373
6491,22.477297
6492,22.623368
6493,22.690425
6494,22.716099
6495,22.863505
6496,22.65922
6497,40.353881
6498,44.394656
6499,53.537665
6500,53.555376
6501,47.712816
6502,38.403884
6503,23.192016
6504,23.148045
6505,23.110537
6506,23.077443
6507,23.113723
6508,23.110012
6509,26.491902
6510,40.256265
6511,42.017344
6512,28.39393
6513,28.403862
6514,22.639075
6515,22.549927
6516,22.607329
6517,22.710379
6518,22.779123
6519,22.908257
6520,22.694335
6521,40.408758
6522,44.484965
6523,53.597205
6524,53.604639
6525,47.750748
6526,38.43363
6527,23.246024
6528,23.27019
6529,23.236899
6530,23.210423
6531,23.184556
6532,23.196095
6533,24.413537
6534,30.628822
6535,38.317565
6536,31.804043
6537,28.205403
6538,22.412144
6539,22.500602
6540,22.596329
6541,22.629559
6542,22.635864
6543,22.770591
6544,22.709947
6545,40.447911
6546,40.970332
6547,46.531379
6548,46.500841
6549,47.909191
6550,45.768787
6551,23.326424
6552,23.285235
6553,23.274752
6554,23.243145
6555,23.196361
6556,23.180342
6557,24.4125
6558,28.846319
6559,41.892423
6560,35.421238
6561,35.395454
6562,29.617171
6563,29.668293
6564,29.726938
6565,29.759907
6566,29.797459
6567,29.878868
6568,29.763991
6569,40.525475
6570,37.552707
6571,43.065585
6572,42.998631
6573,44.379136
6574,38.672585
6575,23.324725
6576,23.246532
6577,23.230834
6578,23.217667
6579,23.266341
6580,23.272097
6581,26.647694
6582,40.299731
6583,42.16545
6584,28.621372
6585,28.661791
6586,22.87959
6587,22.80906
6588,22.865699
6589,22.887069
6590,22.927895
6591,22.917425
6592,22.784334
6593,40.573634
6594,44.700947
6595,53.795372
6596,53.772067
6597,47.925438
6598,38.607349
6599,23.389814
6600,23.339691
6601,23.294235
6602,23.290621
6603,23.35387
6604,23.314764
6605,26.66983
6606,40.32696
6607,42.239644
6608,28.709263
6609,28.675715
6610,22.868198
6611,22.819775
6612,22.895599
6613,22.910729
6614,22.921433
6615,23.072511
6616,22.920256
6617,40.64381
6618,44.704239
6619,53.779282
6620,53.793677
6621,47.937801
6622,38.596908
6623,23.402937
6624,23.387609
6625,23.361303
6626,23.322014
6627,23.359479
6628,23.355759
6629,26.705758
6630,40.32634
6631,42.150547
6632,28.561723
6633,28.4756
6634,22.616659
6635,22.553074
6636,22.606766
6637,22.588252
6638,22.563346
6639,22.661633
6640,22.479458
6641,40.2324
6642,44.368018
6643,53.512268
6644,53.530117
6645,47.69775
6646,38.387713
6647,23.216379
6648,23.194559
6649,23.153279
6650,23.121071
6651,23.162858
6652,23.170484
6653,26.55828
6654,40.26562
6655,42.019782
6656,28.221315
6657,28.096174
6658,22.211301
6659,22.118265
6660,22.148539
6661,22.140001
6662,22.124096
6663,22.252651
6664,22.12419
6665,39.928788
6666,44.135887
6667,53.344472
6668,53.393826
6669,47.444583
6670,38.107047
6671,22.93997
6672,22.927709
6673,22.91773
6674,22.910697
6675,22.967223
6676,22.97078
6677,26.369811
6678,40.078224
6679,41.821382
6680,28.190784
6681,28.076657
6682,22.204488
6683,22.107432
6684,22.157085
6685,22.162971
6686,22.159944
6687,22.28093
6688,22.139568
6689,39.951562
6690,44.10849
6691,53.278339
6692,53.316053
6693,47.388896
6694,38.088695
6695,22.929428
6696,22.974721
6697,22.970606
6698,22.964009
6699,22.952504
6700,22.953861
6701,24.214683
6702,30.447717
6703,38.005352
6704,31.50733
6705,27.831387
6706,21.963753
6707,22.011472
6708,22.06369
6709,22.103908
6710,22.113941
6711,22.254977
6712,22.249286
6713,40.075387
6714,40.685736
6715,46.302927
6716,46.319645
6717,47.660774
6718,45.553524
6719,23.065216
6720,23.034253
6721,23.014351
6722,23.003758
6723,22.994897
6724,22.99057
6725,24.263379
6726,28.701458
6727,41.702371
6728,35.168267
6729,35.03727
6730,29.228015
6731,29.308332
6732,29.335598
6733,29.343407
6734,29.3515
6735,29.511792
6736,29.513112
6737,40.221924
6738,37.241908
6739,42.8573
6740,42.841435
6741,44.198757
6742,38.517581
6743,23.186185
6744,23.162534
6745,23.148584
6746,23.131409
6747,23.109262
6748,23.117834
6749,24.404287
6750,28.798033
6751,41.937321
6752,35.379321
6753,35.290427
6754,29.506248
6755,29.568665
6756,29.608681
6757,29.618771
6758,29.604668
6759,29.712692
6760,29.676152
6761,40.360124
6762,37.381038
6763,42.953297
6764,42.937834
6765,44.326109
6766,38.66132
6767,23.360359
6768,23.286561
6769,23.283063
6770,23.289799
6771,23.355041
6772,23.363091
6773,26.711834
6774,40.315961
6775,42.120086
6776,28.431432
6777,28.307343
6778,22.444523
6779,22.351819
6780,22.417906
6781,22.451671
6782,22.486287
6783,22.648962
6784,22.481036
6785,40.349011
6786,44.477259
6787,53.622557
6788,53.657463
6789,47.869472
6790,38.587335
6791,23.31213
6792,23.240859
6793,23.216081
6794,23.197579
6795,23.239228
6796,23.248005
6797,26.639052
6798,40.281654
6799,42.070861
6800,28.334946
6801,28.202637
6802,22.31204
6803,22.223482
6804,22.269761
6805,22.274436
6806,22.280503
6807,22.400659
6808,22.247179
6809,40.174959
6810,44.334594
6811,53.484075
6812,53.508386
6813,47.712043
6814,38.413782
6815,23.215112
6816,23.179313
6817,23.158316
6818,23.155395
6819,23.200024
6820,23.218287
6821,26.60622
6822,40.263179
6823,42.05419
6824,28.305067
6825,28.175539
6826,22.34709
6827,22.241896
6828,22.258237
6829,22.257073
6830,22.259427
6831,22.407368
6832,22.265148
6833,40.19472
6834,44.340247
6835,53.484112
6836,53.525925
6837,47.708063
6838,38.390959
6839,23.18979
6840,23.138444
6841,23.11464
6842,23.095502
6843,23.149671
6844,23.184681
6845,26.649207
6846,40.385242
6847,42.239833
6848,28.555465
6849,28.445722
6850,22.595695
6851,22.525081
6852,22.592814
6853,22.610102
6854,22.615072
6855,22.751114
6856,22.534679
6857,40.308634
6858,44.420724
6859,53.548514
6860,53.566755
6861,47.77126
6862,38.42371
6863,23.210501
6864,23.228797
6865,23.208336
6866,23.184492
6867,23.163122
6868,23.174492
6869,24.409943
6870,30.61658
6871,38.243007
6872,31.645017
6873,27.926571
6874,22.11368
6875,22.133435
6876,22.161877
6877,22.206945
6878,22.134441
6879,22.246675
6880,22.239986
6881,40.148593
6882,40.751545
6883,46.352506
6884,46.335705
6885,47.656793
6886,45.54008
6887,23.042648
6888,23.016919
6889,23.008951
6890,22.998727
6891,22.986684
6892,22.991577
6893,24.255956
6894,28.694435
6895,41.662635
6896,35.112949
6897,34.965402
6898,29.081513
6899,29.075368
6900,29.063913
6901,29.047553
6902,29.043939
6903,29.191608
6904,29.248065
6905,39.885293
6906,36.956632
6907,42.555615
6908,42.55647
6909,43.927735
6910,38.258684
6911,22.965772
6912,22.892795
6913,22.89667
6914,22.893533
6915,22.952095
6916,22.958989
6917,26.361948
6918,40.034773
6919,41.799973
6920,28.095458
6921,27.928881
6922,22.033525
6923,21.938425
6924,22.027841
6925,22.05952
6926,22.050519
6927,22.172191
6928,22.025317
6929,39.853308
6930,43.990376
6931,53.173661
6932,53.210269
6933,47.348119
6934,38.050651
6935,22.879988
6936,22.862803
6937,22.831895
6938,22.813775
6939,22.866343
6940,22.886693
6941,26.305401
6942,40.013493
6943,41.752231
6944,28.109345
6945,28.002314
6946,22.130487
6947,22.038284
6948,22.082926
6949,22.082808
6950,22.074711
6951,22.214152
6952,22.079659
6953,39.871502
6954,44.014126
6955,53.180975
6956,53.224238
6957,47.348306
6958,38.070977
6959,22.903038
6960,22.891186
6961,22.886579
6962,22.876505
6963,22.929668
6964,22.944023
6965,26.363315
6966,40.04995
6967,41.809516
6968,28.168774
6969,28.068637
6970,22.245314
6971,22.172704
6972,22.264686
6973,22.294932
6974,22.281799
6975,22.400204
6976,22.220206
6977,40.05119
6978,44.239326
6979,53.416376
6980,53.513635
6981,47.625483
6982,38.264507
6983,23.04728
6984,23.01974
6985,23.004497
6986,22.995622
6987,23.052519
6988,23.063991
6989,26.470899
6990,40.221193
6991,41.976968
6992,28.262135
6993,28.195702
6994,22.387995
6995,22.29164
6996,22.317924
6997,22.365874
6998,22.356252
6999,22.462456
7000,22.270247
7001,40.132532
7002,44.271143
7003,53.421415
7004,53.50709
7005,47.650646
7006,38.262244
7007,23.027084
7008,22.986384
7009,22.963433
7010,22.946779
7011,22.99975
7012,23.007133
7013,26.413992
7014,40.107594
7015,41.881382
7016,28.266044
7017,28.239705
7018,22.452083
7019,22.418336
7020,22.486704
7021,22.487128
7022,22.500996
7023,22.647398
7024,22.53163
7025,40.377959
7026,44.490897
7027,53.583561
7028,53.570545
7029,47.776696
7030,38.47943
7031,23.324265
7032,23.367008
7033,23.360475
7034,23.361394
7035,23.351955
7036,23.355547
7037,24.579448
7038,30.726398
7039,38.39284
7040,31.891893
7041,28.216323
7042,22.322021
7043,22.335389
7044,22.339006
7045,22.381979
7046,22.413554
7047,22.564337
7048,22.546978
7049,40.351012
7050,40.900418
7051,46.458265
7052,46.465255
7053,47.902291
7054,45.785768
7055,23.372747
7056,23.36895
7057,23.334215
7058,23.293896
7059,23.279519
7060,23.272832
7061,24.519238
7062,28.901446
7063,41.899639
7064,35.443314
7065,35.363706
7066,29.531301
7067,29.565169
7068,29.557208
7069,29.53977
7070,29.530525
7071,29.678124
7072,29.640266
7073,40.33914
7074,37.377187
7075,42.958116
7076,42.95765
7077,44.380326
7078,38.717245
7079,23.417015
7080,23.353459
7081,23.349856
7082,23.358332
7083,23.447207
7084,23.417852
7085,26.770775
7086,40.384696
7087,42.224105
7088,28.638114
7089,28.538579
7090,22.691738
7091,22.642657
7092,22.71156
7093,22.726805
7094,22.68544
7095,22.807555
7096,22.630766
7097,40.358748
7098,44.47142
7099,53.616759
7100,53.635338
7101,47.859491
7102,38.581037
7103,23.377806
7104,23.35347
7105,23.354267
7106,23.328299
7107,23.369675
7108,23.375155
7109,26.755844
7110,40.386177
7111,42.263135
7112,28.691901
7113,28.583382
7114,22.758809
7115,22.686878
7116,22.715324
7117,22.442898
7118,22.308526
7119,22.428241
7120,22.263964
7121,40.150256
7122,44.308093
7123,53.467867
7124,53.488561
7125,47.631626
7126,38.230363
7127,22.989436
7128,22.952844
7129,22.945136
7130,22.933991
7131,22.987205
7132,22.994073
7133,26.382406
7134,40.077602
7135,41.811076
7136,28.189428
7137,28.065474
7138,22.189979
7139,22.091949
7140,22.132571
7141,22.127286
7142,22.114067
7143,22.247173
7144,22.123364
7145,39.891777
7146,44.06444
7147,53.218154
7148,53.262895
7149,47.355507
7150,38.076375
7151,22.916459
7152,22.904575
7153,22.893199
7154,22.882913
7155,22.937441
7156,22.942455
7157,26.35107
7158,40.03254
7159,41.770494
7160,28.114029
7161,27.987355
7162,22.046657
7163,21.919783
7164,21.944315
7165,21.925737
7166,21.91668
7167,22.062413
7168,21.975309
7169,39.827829
7170,43.965624
7171,53.110744
7172,53.136538
7173,47.299628
7174,38.015498
7175,22.842297
7176,22.8082
7177,22.781806
7178,22.766086
7179,22.850179
7180,22.885511
7181,26.296474
7182,40.008462
7183,41.740848
7184,28.009717
7185,27.893084
7186,21.996992
7187,21.931939
7188,22.010403
7189,22.016149
7190,21.998771
7191,22.115236
7192,21.980199
7193,39.813893
7194,43.95845
7195,53.068287
7196,53.074181
7197,47.223133
7198,37.920812
7199,22.832764
7200,22.852294
7201,22.842439
7202,22.839712
7203,22.834992
7204,22.862177
7205,24.119287
7206,30.425222
7207,37.941615
7208,31.416124
7209,27.738421
7210,21.860225
7211,21.874235
7212,21.880728
7213,21.881035
7214,21.873864
7215,22.005851
7216,22.023451
7217,39.861979
7218,40.448456
7219,46.043438
7220,46.050089
7221,47.439764
7222,45.331942
7223,22.939993
7224,22.923277
7225,22.911497
7226,22.899472
7227,22.89529
7228,22.91431
7229,24.198795
7230,28.644013
7231,41.592608
7232,35.088855
7233,34.947606
7234,29.089905
7235,29.178456
7236,29.239187
7237,29.261772
7238,29.270774
7239,29.416993
7240,29.388589
7241,40.072554
7242,37.117769
7243,42.736592
7244,42.727453
7245,44.046211
7246,38.352237
7247,23.039796
7248,22.955321
7249,22.940186
7250,22.935845
7251,22.993474
7252,22.997048
7253,26.403269
7254,40.09985
7255,41.861412
7256,28.195666
7257,28.068181
7258,22.216949
7259,22.145783
7260,22.223223
7261,22.266209
7262,22.283979
7263,22.411505
7264,22.1996
7265,40.115762
7266,44.310796
7267,53.466786
7268,53.490222
7269,47.620935
7270,38.243821
7271,23.028783
7272,22.996953
7273,22.974521
7274,22.954512
7275,23.000768
7276,23.009938
7277,26.416828
7278,40.162176
7279,41.938329
7280,28.274554
7281,28.224495
7282,22.403266
7283,22.336034
7284,22.431309
7285,22.442155
7286,22.4334
7287,22.560018
7288,22.362663
7289,40.18668
7290,44.318209
7291,53.558643
7292,53.603048
7293,47.735575
7294,38.417654
7295,23.213844
7296,23.191819
7297,23.164315
7298,23.137735
7299,23.184595
7300,23.201471
7301,26.596999
7302,40.27232
7303,42.045667
7304,28.2544
7305,28.112487
7306,22.23051
7307,22.152308
7308,22.298083
7309,22.385029
7310,22.446709
7311,22.561675
7312,22.317138
7313,40.212165
7314,44.388276
7315,53.566874
7316,53.575033
7317,47.747279
7318,38.441633
7319,23.252922
7320,23.196139
7321,23.148697
7322,23.115652
7323,23.164259
7324,23.178057
7325,26.572923
7326,40.257183
7327,42.02793
7328,28.233055
7329,28.095246
7330,22.190884
7331,22.065705
7332,22.099524
7333,22.08761
7334,22.071864
7335,22.212911
7336,22.083334
7337,39.912293
7338,44.161697
7339,53.369266
7340,53.430053
7341,47.501448
7342,38.114076
7343,22.94215
7344,22.931903
7345,22.922515
7346,22.910086
7347,22.965402
7348,22.972876
7349,26.382026
7350,40.05701
7351,41.829442
7352,28.184813
7353,28.038183
7354,22.169722
7355,22.062842
7356,22.112961
7357,22.110366
7358,22.090135
7359,22.221741
7360,22.090409
7361,39.907659
7362,44.097801
7363,53.296574
7364,53.364321
7365,47.428441
7366,38.098544
7367,22.929167
7368,22.973833
7369,22.978692
7370,22.974313
7371,22.970324
7372,22.977733
7373,24.237498
7374,30.422312
7375,38.012727
7376,31.47064
7377,27.727932
7378,21.835585
7379,21.839558
7380,21.844948
7381,21.895302
7382,21.850307
7383,22.00925
7384,22.017428
7385,39.877303
7386,40.4754
7387,46.079982
7388,46.079924
7389,47.453015
7390,45.337012
7391,22.940879
7392,22.931124
7393,22.908598
7394,22.888855
7395,22.865888
7396,22.885687
7397,24.177137
7398,28.662218
7399,41.566354
7400,35.066375
7401,34.913433
7402,29.047707
7403,29.063245
7404,29.066701
7405,29.067633
7406,29.076612
7407,29.217136
7408,29.230665
7409,39.917041
7410,36.955353
7411,42.543717
7412,42.535214
7413,43.906343
7414,38.253738
7415,22.968951
7416,22.912951
7417,22.912432
7418,22.906323
7419,22.954029
7420,22.96022
7421,26.374933
7422,40.040219
7423,41.811911
7424,28.174888
7425,28.077927
7426,22.279432
7427,22.25974
7428,22.364783
7429,22.401775
7430,22.408247
7431,22.520862
7432,22.241565
7433,40.069427
7434,44.276493
7435,53.448668
7436,53.47317
7437,47.583232
7438,38.204095
7439,23.00782
7440,22.981106
7441,22.969333
7442,22.961527
7443,23.010914
7444,23.017247
7445,26.411815
7446,40.125239
7447,41.892984
7448,28.235181
7449,28.161316
7450,22.36697
7451,22.339678
7452,22.401657
7453,22.375751
7454,22.330786
7455,22.441739
7456,22.230611
7457,40.087248
7458,44.249913
7459,53.405008
7460,53.42157
7461,47.525297
7462,38.147513
7463,22.954547
7464,22.929932
7465,22.923152
7466,22.894908
7467,22.934101
7468,22.95413
7469,26.380243
7470,40.051984
7471,41.78506
7472,28.139274
7473,28.006147
7474,22.157021
7475,22.068958
7476,22.112297
7477,22.109515
7478,22.097768
7479,22.228124
7480,22.10651
7481,39.89233
7482,44.048832
7483,53.199238
7484,53.237215
7485,47.339973
7486,38.073996
7487,22.903628
7488,22.884473
7489,22.862428
7490,22.838919
7491,22.889868
7492,22.906597
7493,26.320429
7494,40.036827
7495,41.765064
7496,28.133734
7497,28.024101
7498,22.155664
7499,22.057036
7500,22.09637
7501,22.101913
7502,22.091961
7503,22.220863
7504,22.084529
7505,39.903779
7506,44.067206
7507,53.22524
7508,53.260196
7509,47.38756
7510,38.084196
7511,22.923297
7512,22.911854
7513,22.908237
7514,22.90759
7515,22.971846
7516,22.974412
7517,26.382332
7518,40.051501
7519,41.814138
7520,28.159851
7521,28.027503
7522,22.204191
7523,22.166087
7524,22.307658
7525,22.349987
7526,22.321698
7527,22.414161
7528,22.186069
7529,40.068702
7530,44.279595
7531,53.444918
7532,53.469946
7533,47.610608
7534,38.238548
7535,23.019488
7536,23.034377
7537,23.021598
7538,23.01961
7539,23.017323
7540,23.02937
7541,24.308666
7542,28.671438
7543,41.794487
7544,35.09398
7545,34.929969
7546,29.040494
7547,29.04732
7548,29.038816
7549,29.030247
7550,29.020976
7551,29.162764
7552,29.148466
7553,39.867585
7554,36.913782
7555,42.521109
7556,42.522764
7557,43.90234
7558,38.247378
7559,22.964089
7560,22.944742
7561,22.92219
7562,22.9051
7563,22.885044
7564,22.903534
7565,24.138529
7566,28.64399
7567,41.531893
7568,35.047855
7569,34.879485
7570,29.017428
7571,29.035431
7572,29.04021
7573,29.036871
7574,29.030732
7575,29.162215
7576,29.203479
7577,39.872404
7578,36.908769
7579,42.504965
7580,42.511953
7581,43.874756
7582,38.213355
7583,22.909661
7584,22.841457
7585,22.8129
7586,22.79502
7587,22.785612
7588,22.845348
7589,22.869956
7590,26.285824
7591,40.019063
7592,41.770779
7593,28.094728
7594,27.979154
7595,22.103702
7596,22.0065
7597,22.046396
7598,22.039357
7599,22.019867
7600,22.132488
7601,22.032359
7602,39.83356
7603,43.983062
7604,53.12266
7605,53.123669
7606,47.230571
7607,37.919157
7608,22.824364
7609,22.80827
7610,22.798914
7611,22.800843
7612,22.861621
7613,22.878407
7614,26.288937
7615,40.042491
7616,41.769405
7617,28.090963
7618,27.978672
7619,22.106267
7620,22.013211
7621,22.041169
7622,22.02198
7623,21.999867
7624,22.126085
7625,22.017401
7626,39.828624
7627,43.983105
7628,53.121963
7629,53.137579
7630,47.315852
7631,37.979458
7632,22.815697
7633,22.823485
7634,22.810524
7635,22.810333
7636,22.846886
7637,22.860809
7638,26.287968
7639,40.026606
7640,41.760508
7641,28.087336
7642,27.956321
7643,22.093271
7644,22.006797
7645,22.051644
7646,22.042217
7647,22.008577
7648,22.137611
7649,21.997029
7650,39.869059
7651,44.011373
7652,53.188138
7653,53.238239
7654,47.373732
7655,38.075538
7656,22.913899
7657,22.901785
7658,22.898286
7659,22.894441
7660,22.957122
7661,22.967069
7662,26.373145
7663,40.031353
7664,41.815811
7665,28.159385
7666,28.027008
7667,22.179575
7668,22.108444
7669,22.150788
7670,22.154956
7671,22.136662
7672,22.23372
7673,22.080334
7674,39.960399
7675,44.204733
7676,53.389861
7677,53.428541
7678,47.586181
7679,38.218104
7680,23.020406
7681,22.997392
7682,22.984462
7683,22.977091
7684,23.039988
7685,23.083104
7686,26.513931
7687,40.235383
7688,42.064515
7689,28.321466
7690,28.216833
7691,22.397362
7692,22.422606
7693,22.568017
7694,22.577535
7695,22.545938
7696,22.624804
7697,22.437442
7698,40.270386
7699,44.366272
7700,53.485943
7701,53.516997
7702,47.719229
7703,38.413971
7704,23.284188
7705,23.270486
7706,23.258904
7707,23.228732
7708,23.206172
7709,23.196281
7710,24.432626
7711,30.64951
7712,38.292457
7713,31.741554
7714,28.098024
7715,22.235025
7716,22.224846
7717,22.215573
7718,22.214132
7719,22.191475
7720,22.291337
7721,22.275523
7722,40.189577
7723,40.781757
7724,46.381447
7725,46.383176
7726,47.790672
7727,45.673905
7728,23.224547
7729,23.200702
7730,23.169962
7731,23.150995
7732,23.139553
7733,23.157901
7734,24.430235
7735,28.849908
7736,41.858594
7737,35.260067
7738,35.065021
7739,29.163661
7740,29.151709
7741,29.158397
7742,29.15007
7743,29.13902
7744,29.280805
7745,29.310586
7746,40.097405
7747,37.164373
7748,42.766873
7749,42.767136
7750,44.132874
7751,38.446014
7752,23.076496
7753,23.058622
7754,23.049906
7755,23.043745
7756,23.100187
7757,23.120527
7758,26.536578
7759,40.242164
7760,42.027124
7761,28.232583
7762,28.096909
7763,22.210553
7764,22.073718
7765,22.092675
7766,22.085798
7767,22.068503
7768,22.197974
7769,22.079354
7770,39.922948
7771,44.17119
7772,53.367053
7773,53.424816
7774,47.491095
7775,38.114007
7776,22.94124
7777,22.931605
7778,22.92489
7779,22.917871
7780,22.975409
7781,22.983516
7782,26.385301
7783,40.06295
7784,41.818567
7785,28.13503
7786,27.977816
7787,22.088945
7788,22.004493
7789,22.064186
7790,22.073333
7791,22.035173
7792,22.137181
7793,22.025303
7794,39.854087
7795,43.989688
7796,53.14747
7797,53.235824
7798,47.369914
7799,38.072941
7800,22.912628
7801,22.904354
7802,22.898353
7803,22.893417
7804,22.951165
7805,22.955769
7806,26.361549
7807,40.044674
7808,41.814208
7809,28.17634
7810,28.057058
7811,22.188049
7812,22.082274
7813,22.115457
7814,22.107507
7815,22.082238
7816,22.204028
7817,22.100608
7818,39.938692
7819,44.125201
7820,53.308621
7821,53.376307
7822,47.461299
7823,38.130102
7824,23.001453
7825,22.987937
7826,22.98378
7827,22.980735
7828,22.976839
7829,22.982133
7830,24.260809
7831,28.6284
7832,41.738491
7833,35.103493
7834,34.950977
7835,29.07445
7836,29.076186
7837,29.098119
7838,29.080726
7839,29.076063
7840,29.21075
7841,29.201311
7842,39.985359
7843,37.059032
7844,42.661721
7845,42.656862
7846,43.997564
7847,38.3122
7848,22.95479
7849,22.940646
7850,22.933785
7851,22.926356
7852,22.978931
7853,22.974587
7854,26.360808
7855,40.040571
7856,41.780003
7857,28.047484
7858,27.882645
7859,21.980121
7860,21.864301
7861,21.857654
7862,21.847637
7863,21.865265
7864,21.986547
7865,21.919051
7866,39.809554
7867,43.942712
7868,53.093724
7869,53.10224
7870,47.210349
7871,37.912196
7872,22.819778
7873,22.794167
7874,22.778444
7875,22.764172
7876,22.754001
7877,22.720786
7878,23.966823
7879,30.371496
7880,37.847405
7881,31.292304
7882,27.634216
7883,21.765287
7884,21.730099
7885,21.770868
7886,21.765782
7887,21.723353
7888,21.838397
7889,21.947307
7890,39.747162
7891,40.380172
7892,45.974821
7893,45.989352
7894,47.352322
7895,45.255847
7896,22.816076
7897,22.805536
7898,22.79513
7899,22.787399
7900,22.780168
7901,22.804448
7902,24.097918
7903,28.578439
7904,41.534684
7905,35.001333
7906,34.850219
7907,28.976063
7908,28.96188
7909,28.948403
7910,28.943489
7911,28.94812
7912,29.076088
7913,29.125726
7914,39.849466
7915,36.903093
7916,42.506282
7917,42.506825
7918,43.887654
7919,38.223957
7920,22.878923
7921,22.871782
7922,22.867967
7923,22.860155
7924,22.899082
7925,22.929745
7926,26.336582
7927,39.993451
7928,41.768795
7929,28.045775
7930,27.869123
7931,21.976855
7932,21.881795
7933,21.925088
7934,21.90905
7935,21.869063
7936,21.985339
7937,21.906027
7938,39.809244
7939,43.961785
7940,53.125178
7941,53.154077
7942,47.308441
7943,38.006565
7944,22.811367
7945,22.789681
7946,22.778358
7947,22.769568
7948,22.82442
7949,22.818111
7950,26.251522
7951,40.003821
7952,41.763242
7953,28.058547
7954,27.945164
7955,22.066687
7956,21.967513
7957,22.005737
7958,21.999738
7959,21.985387
7960,22.085714
7961,21.999209
7962,39.811313
7963,43.976944
7964,53.122343
7965,53.140274
7966,47.32204
7967,38.024647
7968,22.838409
7969,22.827177
7970,22.818691
7971,22.811635
7972,22.872703
7973,22.892282
7974,26.310999
7975,40.024872
7976,41.778539
7977,28.012703
7978,27.85078
7979,21.941344
7980,21.823517
7981,21.865265
7982,21.876542
7983,21.874684
7984,22.003955
7985,21.907481
7986,39.762772
7987,43.944419
7988,53.109756
7989,53.145105
7990,47.297687
7991,37.97991
7992,22.794466
7993,22.778899
7994,22.767706
7995,22.758919
7996,22.813104
7997,22.834439
7998,26.26877
7999,39.989528
8000,41.747487
8001,27.981994
8002,27.910336
8003,22.057807
8004,21.939023
8005,21.901963
8006,21.863193
8007,21.853196
8008,22.016998
8009,21.916285
8010,39.768116
8011,43.950559
8012,53.112102
8013,53.139419
8014,47.301647
8015,37.991454
8016,22.808221
8017,22.800909
8018,22.799062
8019,22.800046
8020,22.857142
8021,22.875528
8022,26.294332
8023,39.995204
8024,41.775625
8025,28.118414
8026,28.010678
8027,22.162039
8028,22.083203
8029,22.119884
8030,22.117425
8031,22.067113
8032,22.156318
8033,22.040519
8034,39.860342
8035,44.018339
8036,53.161082
8037,53.183436
8038,47.266903
8039,37.931514
8040,22.886581
8041,22.871449
8042,22.860374
8043,22.856769
8044,22.859481
8045,22.879538
8046,24.14126
8047,30.429946
8048,37.976623
8049,31.433474
8050,27.745043
8051,21.873593
8052,21.917419
8053,21.983112
8054,22.007041
8055,21.978672
8056,22.06641
8057,22.035751
8058,39.910866
8059,40.553371
8060,46.16405
8061,46.180148
8062,47.578131
8063,45.501263
8064,23.061438
8065,23.064655
8066,23.058553
8067,23.053836
8068,23.052096
8069,23.085393
8070,24.336797
8071,28.758237
8072,41.815842
8073,35.217827
8074,35.074739
8075,29.23348
8076,29.248104
8077,29.218765
8078,29.209224
8079,29.188505
8080,29.264091
8081,29.282811
8082,39.949411
8083,36.970834
8084,42.533615
8085,42.486918
8086,43.821509
8087,38.148224
8088,22.875581
8089,22.860345
8090,22.840585
8091,22.833949
8092,22.89156
8093,22.909425
8094,26.320411
8095,40.064728
8096,41.7825
8097,28.135245
8098,28.017185
8099,22.13844
8100,22.025951
8101,22.049164
8102,22.030341
8103,22.015233
8104,22.141372
8105,22.044971
8106,39.868074
8107,43.992051
8108,53.124749
8109,53.14275
8110,47.326123
8111,38.043744
8112,22.863669
8113,22.852824
8114,22.848408
8115,22.843951
8116,22.901035
8117,22.922363
8118,26.340944
8119,39.998394
8120,41.773237
8121,28.126575
8122,28.004176
8123,22.128819
8124,22.017188
8125,22.043463
8126,22.023604
8127,21.997117
8128,22.108295
8129,22.043545
8130,39.788862
8131,43.958327
8132,53.082204
8133,53.090416
8134,47.218922
8135,37.881579
8136,22.791342
8137,22.779944
8138,22.778748
8139,22.772929
8140,22.83318
8141,22.858589
8142,26.280275
8143,40.049196
8144,41.699529
8145,27.992914
8146,27.835707
8147,21.971855
8148,21.84726
8149,21.869358
8150,21.856817
8151,21.851512
8152,21.998312
8153,21.98282
8154,39.684535
8155,43.903689
8156,53.032524
8157,53.059411
8158,47.150054
8159,37.755918
8160,22.636005
8161,22.619855
8162,22.614974
8163,22.611422
8164,22.676091
8165,22.691455
8166,26.105326
8167,40.041741
8168,41.603402
8169,27.985268
8170,27.898894
8171,22.048727
8172,21.966915
8173,21.997089
8174,21.981021
8175,21.940019
8176,22.038794
8177,22.030674
8178,39.681574
8179,43.841285
8180,52.978049
8181,53.022881
8182,47.105795
8183,37.774297
8184,22.676486
8185,22.666002
8186,22.662067
8187,22.659005
8188,22.722054
8189,22.753839
8190,26.173598
8191,39.970778
8192,41.588851
8193,27.906273
8194,27.790913
8195,21.920398
8196,21.813989
8197,21.851243
8198,21.852053
8199,21.85299
8200,22.002813
8201,21.98919
8202,39.596373
8203,43.798261
8204,52.957723
8205,53.008836
8206,47.042515
8207,37.668354
8208,22.656792
8209,22.662059
8210,22.67344
8211,22.685482
8212,22.697286
8213,22.703735
8214,23.994028
8215,30.487932
8216,37.717359
8217,31.259012
8218,27.639834
8219,21.77782
8220,21.772808
8221,21.769198
8222,21.765812
8223,21.768816
8224,21.921897
8225,22.213796
8226,39.594514
8227,40.173914
8228,45.755026
8229,45.754765
8230,47.089087
8231,44.961516
8232,22.71366
8233,22.718641
8234,22.725061
8235,22.731173
8236,22.733142
8237,22.727504
8238,24.006351
8239,28.684216
8240,41.280989
8241,34.793543
8242,34.678379
8243,28.832325
8244,28.837828
8245,28.826245
8246,28.804771
8247,28.789798
8248,28.934752
8249,29.133945
8250,39.58902
8251,36.623277
8252,42.199942
8253,42.197295
8254,43.533028
8255,37.861997
8256,22.606855
8257,22.601595
8258,22.599958
8259,22.598753
8260,22.660034
8261,22.663969
8262,26.080568
8263,39.878387
8264,41.468326
8265,27.911992
8266,27.829365
8267,21.962288
8268,21.854872
8269,21.89564
8270,21.890011
8271,21.892617
8272,22.043535
8273,22.074326
8274,39.577968
8275,43.728957
8276,52.862541
8277,52.879687
8278,46.994461
8279,37.679389
8280,22.608763
8281,22.605095
8282,22.604378
8283,22.603756
8284,22.664857
8285,22.671697
8286,26.088003
8287,39.88059
8288,41.491618
8289,27.903198
8290,27.805216
8291,21.934185
8292,21.828186
8293,21.863867
8294,21.860869
8295,21.860429
8296,22.014801
8297,22.014588
8298,39.555399
8299,43.707017
8300,52.841693
8301,52.862396
8302,46.980389
8303,37.662359
8304,22.592568
8305,22.586251
8306,22.584866
8307,22.58385
8308,22.646193
8309,22.657217
8310,26.066571
8311,39.822434
8312,41.479154
8313,27.872142
8314,27.768356
8315,21.902848
8316,21.802888
8317,21.837301
8318,21.831701
8319,21.828062
8320,21.973001
8321,21.888804
8322,39.584215
8323,43.766341
8324,52.960049
8325,53.030543
8326,47.169336
8327,37.837953
8328,22.658392
8329,22.657848
8330,22.666372
8331,22.674597
8332,22.745764
8333,22.789211
8334,26.217205
8335,39.924658
8336,41.680151
8337,27.885478
8338,27.753683
8339,21.869763
8340,21.773424
8341,21.843039
8342,21.866773
8343,21.845281
8344,21.960131
8345,21.885164
8346,39.692523
8347,43.922165
8348,53.084323
8349,53.104143
8350,47.258529
8351,37.923574
8352,22.730747
8353,22.71992
8354,22.711727
8355,22.705612
8356,22.764632
8357,22.798218
8358,26.232477
8359,39.969121
8360,41.710042
8361,27.92272
8362,27.78471
8363,21.897444
8364,21.79518
8365,21.830973
8366,21.809438
8367,21.805159
8368,21.952866
8369,21.881167
8370,39.715937
8371,43.919914
8372,53.049883
8373,53.046726
8374,47.186362
8375,37.807009
8376,22.731884
8377,22.708228
8378,22.693275
8379,22.679415
8380,22.673741
8381,22.697529
8382,23.949309
8383,30.333402
8384,37.859598
8385,31.325195
8386,27.661645
8387,21.790544
8388,21.794182
8389,21.749274
8390,21.727256
8391,21.698911
8392,21.822234
8393,21.911979
8394,39.71354
8395,40.347284
8396,45.936329
8397,45.942837
8398,47.254274
8399,45.139502
8400,22.765057
8401,22.735379
8402,22.724754
8403,22.716354
8404,22.71318
8405,22.735908
8406,24.022654
8407,28.570299
8408,41.471995
8409,34.928635
8410,34.706565
8411,28.821086
8412,28.832717
8413,28.853485
8414,28.843278
8415,28.827169
8416,28.94641
8417,29.02386
8418,39.753892
8419,36.808473
8420,42.403501
8421,42.411677
8422,43.749813
8423,38.072183
8424,22.707153
8425,22.693439
8426,22.678582
8427,22.669577
8428,22.721886
8429,22.750515
8430,26.186246
8431,39.979635
8432,41.673933
8433,27.906912
8434,27.779369
8435,21.898058
8436,21.791561
8437,21.823673
8438,21.822046
8439,21.816478
8440,21.960173
8441,21.903892
8442,39.65229
8443,43.887888
8444,53.047675
8445,53.04262
8446,47.167228
8447,37.799048
8448,22.676864
8449,22.658289
8450,22.650107
8451,22.644637
8452,22.705873
8453,22.741193
8454,26.161791
8455,39.992515
8456,41.625297
8457,27.870734
8458,27.765185
8459,21.900466
8460,21.798107
8461,21.837851
8462,21.838114
8463,21.83768
8464,21.990394
8465,21.972088
8466,39.570824
8467,43.81465
8468,52.990795
8469,53.037742
8470,47.084362
8471,37.694118
8472,22.598968
8473,22.58683
8474,22.583544
8475,22.58393
8476,22.650083
8477,22.662109
8478,26.073214
8479,39.952468
8480,41.555207
8481,27.92133
8482,27.829637
8483,21.977776
8484,21.877665
8485,21.917889
8486,21.901506
8487,21.871376
8488,22.006464
8489,22.026654
8490,39.63333
8491,43.807282
8492,52.940774
8493,52.988858
8494,47.069307
8495,37.729531
8496,22.638034
8497,22.625503
8498,22.619153
8499,22.613537
8500,22.672962
8501,22.69023
8502,26.106995
8503,39.954784
8504,41.561235
8505,27.913444
8506,27.82434
8507,21.97513
8508,21.871921
8509,21.876934
8510,21.86313
8511,21.860568
8512,22.007691
8513,22.006888
8514,39.625764
8515,43.79634
8516,52.929986
8517,52.980875
8518,47.066545
8519,37.729646
8520,22.634916
8521,22.621942
8522,22.615814
8523,22.610126
8524,22.670363
8525,22.688112
8526,26.103683
8527,39.924268
8528,41.529827
8529,27.896956
8530,27.838155
8531,21.994983
8532,21.901571
8533,21.918649
8534,21.897922
8535,21.881227
8536,22.014145
8537,22.041326
8538,39.643631
8539,43.798325
8540,52.929089
8541,52.968928
8542,47.068041
8543,37.743468
8544,22.704212
8545,22.690045
8546,22.682517
8547,22.676227
8548,22.671432
8549,22.686565
8550,23.957782
8551,30.286451
8552,37.710834
8553,31.187922
8554,27.557871
8555,21.692914
8556,21.691349
8557,21.690663
8558,21.69081
8559,21.691184
8560,21.84089
8561,21.997609
8562,39.558532
8563,40.160859
8564,45.748038
8565,45.75958
8566,47.062433
8567,44.949507
8568,22.648308
8569,22.642155
8570,22.640764
8571,22.639717
8572,22.639379
8573,22.649668
8574,23.92742
8575,28.432991
8576,41.320417
8577,34.720129
8578,34.604448
8579,28.740275
8580,28.740972
8581,28.741665
8582,28.74085
8583,28.740133
8584,28.886853
8585,29.03749
8586,39.546903
8587,36.592024
8588,42.175721
8589,42.182389
8590,43.504118
8591,37.830034
8592,22.635788
8593,22.629543
8594,22.628332
8595,22.627711
8596,22.628257
8597,22.639556
8598,23.922855
8599,28.274589
8600,41.360471
8601,34.746724
8602,34.619769
8603,28.767586
8604,28.772039
8605,28.818278
8606,28.810766
8607,28.782932
8608,28.91021
8609,28.906431
8610,39.61259
8611,36.666235
8612,42.23879
8613,42.22454
8614,43.544066
8615,37.873223
8616,22.621587
8617,22.620047
8618,22.620832
8619,22.620841
8620,22.682085
8621,22.686769
8622,26.08094
8623,39.899153
8624,41.489743
8625,27.87861
8626,27.785845
8627,21.917708
8628,21.813686
8629,21.85228
8630,21.850486
8631,21.849393
8632,21.99688
8633,21.961715
8634,39.531686
8635,43.715327
8636,52.889689
8637,52.970562
8638,46.999909
8639,37.64535
8640,22.573686
8641,22.567333
8642,22.56662
8643,22.570405
8644,22.640874
8645,22.650073
8646,26.057082
8647,39.882583
8648,41.465864
8649,27.89864
8650,27.80846
8651,21.94918
8652,21.849628
8653,21.903652
8654,21.893958
8655,21.868115
8656,22.008819
8657,22.053426
8658,39.600807
8659,43.773758
8660,52.913203
8661,52.945877
8662,47.050353
8663,37.719221
8664,22.626431
8665,22.611876
8666,22.604224
8667,22.601478
8668,22.666183
8669,22.677435
8670,26.090534
8671,39.925707
8672,41.527613
8673,27.931344
8674,27.852629
8675,22.01593
8676,21.941368
8677,21.973001
8678,21.960767
8679,21.915485
8680,22.020695
8681,22.008836
8682,39.670087
8683,43.784675
8684,52.908062
8685,52.938651
8686,47.057553
8687,37.749275
8688,22.653432
8689,22.639622
8690,22.632277
8691,22.62553
8692,22.683518
8693,22.696459
8694,26.115181
8695,39.974815
8696,41.534272
8697,27.945584
8698,27.872412
8699,22.008733
8700,21.876645
8701,21.889628
8702,21.869377
8703,21.862814
8704,22.006113
8705,22.003847
8706,39.633679
8707,43.778133
8708,52.900725
8709,52.931375
8710,47.042084
8711,37.726895
8712,22.686178
8713,22.672997
8714,22.666459
8715,22.663979
8716,22.663656
8717,22.673624
8718,23.94846
8719,30.264213
8720,37.753328
8721,31.261652
8722,27.603143
8723,21.694853
8724,21.697203
8725,21.686369
8726,21.677556
8727,21.668802
8728,21.813688
8729,21.915856
8730,39.626873
8731,40.228476
8732,45.81516
8733,45.848441
8734,47.214311
8735,45.120765
8736,22.695094
8737,22.685251
8738,22.679568
8739,22.674283
8740,22.666902
8741,22.682661
8742,23.969813
8743,28.455709
8744,41.441257
8745,34.806426
8746,34.634017
8747,28.743495
8748,28.736596
8749,28.73209
8750,28.727376
8751,28.721695
8752,28.86705
8753,28.969917
8754,39.655895
8755,36.737792
8756,42.345209
8757,42.350158
8758,43.679848
8759,38.005383
